10000

100805378
71905101
47308094
18992314
63838837
24286692
33501049
7593374
47779170
64717634
19325021
58955289
58439388
59449794
2746989
68992187
37154031
8770793
23289040
59854817
72295624
57525763
46801897
21422182
36414245
35143105
65500969
56839786
14961686
14650559
9332326
10388690
21289316
24169364
18983684
72260864
59474184
72727082
33533605
54208077
24732530
78587972
33975664
54785779
47739255
19340909
18971186
61637543
33812979
72278335
33069049
54460901
13123163
46009883
29592415
40807168
74933329
18052124
58962879
54176169
18988983
72306551
58925913
34595995
55153511
21171180
75362672
18011039
8765171
47835739
45989206
4808878
62606110
47733977
65170880
15040883
23252025
28297639
25883286
47837363
11294643
67170645
58828070
26375510
40730402
14677471
54763677
2666853
40345930
1720041
54093660
21301319
4435789
35133401
30917240
6962157
40645324
64108036
14966549
57539639
11254102
33986944
16700354
45984470
74462360
15663989
50708529
50371615
67826212
15652103
59261192
57503534
2786082
40342554
67312527
7712356
7528407
18948710
34883459
2137617
65387930
54835778
54242537
18970489
36349240
35132993
65450321
30932686
40547021
75029993
36353578
68097565
33829405
35152318
70227334
31456066
57534014
75840072
36855681
65682669
14951946
59469580
26186677
23252384
45981205
19093485
74156979
71000649
34552541
68775176
59444237
54754980
24414779
23261092
45054517
40648363
76392575
72282237
33377220
58444748
54081722
5773608
10351034
40310281
74587429
37148766
34628362
57547456
27804042
21479666
74161749
33366336
2080304
40111962
37738053
18470160
35119480
4227912
67069175
15391129
15027666
58468423
54032315
50276445
12216655
46245564
46229633
39007593
75037229
74488125
73752370
16716587
65548203
59874815
58515144
27163707
50455572
11987732
46769938
22607630
45035765
76974646
35048176
33197180
16000356
31490421
59294830
14529683
24386812
46210642
42136209
10416275
75484400
9334106
18565255
37112491
34571707
31774962
60721492
15151019
14961465
23379189
74895295
72271655
8765063
65685415
15119415
58849369
26509558
23296489
45206776
2680542
19325346
75680181
18670954
15666900
62616251
57876451
21313531
18956623
35242969
8766664
68779219
32344512
31780115
15119235
7356567
54725612
26454953
49496285
18386130
18267428
68636083
33886955
66824250
33077875
59450087
58968021
58898744
75149026
74552804
37093063
34568685
67672980
33385740
33184991
4113788
65257953
3954921
15705684
59459471
59170976
29499627
57559274
26208387
51482927
47767129
46061461
11316235
43105376
40650437
75152989
74463622
74120446
73279624
33072152
31996350
31489138
58851058
6836794
54492010
26785089
48333141
47773243
23384798
46562061
45052723
11261773
74446100
4628526
68580651
68429550
33961212
33677434
4139113
65544717
65243692
7855888
30623191
59294519
58243402
55049189
50991055
47800246
47749949
47681064
45987176
22791405
45024961
41554107
39883189
16443720
32766833
65416247
65104785
31576163
7592648
30358221
58504109
13741585
54164280
26772301
23384298
45244686
11032474
2734787
20559369
19424114
74120744
18261413
66173414
31555644
15036747
47717189
4776196
73305338
72218748
69278641
68170759
33812072
33057790
32540920
64292104
4014575
7518469
29330834
58439661
54979041
24163854
24046841
47848688
23237179
44827595
20958364
41068820
39766455
39188573
75871559
74897252
74873325
74477302
74090760
36023579
71023987
34567658
8428634
65542578
65414320
32546712
32522878
32042328
31798069
15147177
58914783
58547141
57447296
54973486
53928399
12684013
50197778
49597806
23753014
22608078
43518895
20587172
73433959
72715222
34358401
33993183
16225547
7857747
15140986
59020235
58966024
14647755
28282889
3496096
27767199
27753150
54748007
23839451
23287003
4909276
75020600
34135082
4249340
67550428
33202544
65400691
28292951
28102454
6963405
27752205
55132305
50991089
50990868
50343556
11304336
40078471
17840105
33884289
33781232
67249142
66641564
66100129
16425371
65316763
32546329
32521416
31723285
1976455
30624989
30577251
7593446
15080856
56011329
6963164
13004030
50985604
47917030
47760602
5380978
20562913
75501983
72800416
8753183
33826641
33352940
16581820
65538065
15122608
59979283
58449997
55260924
54553289
11976133
40392946
38359802
18950560
37701545
73744165
35147996
68114609
34011655
4236433
33848172
66226846
33083940
66081206
32700495
64241527
15763087
62681316
15387830
15108486
59276530
59185601
14786840
58991178
58897870
58521246
57524401
12223959
47718897
5791374
45949795
22794454
11316852
21475717
40774725
37739941
37692448
37513479
74577135
73306559
36430634
34620571
33918845
65164503
65148660
31779829
59994169
59751380
59487060
58541033
58467681
27777684
54231102
26309625
26208553
12687289
47869770
47762749
2697659
2681372
20569835
75424040
75019538
9340054
8763241
16695957
65522897
65422904
32365684
31826124
31825623
62618401
14635703
58477683
58450795
57676576
57652935
55154899
12184543
47859638
47696923
23836789
2925813
23278379
46048368
2646625
40438646
9569019
75694526
73664053
72307311
17922987
67820005
33904909
67669519
67213544
16450697
65539015
65534356
15041575
14986016
58966967
58823781
27360260
27186120
13321165
51500418
51288724
50385097
50375500
49093368
24388321
24170581
47826692
47815209
46239740
46002333
45152433
5407154
40498143
19309166
37880361
37735624
34906310
34511927
68446751
33811515
67481300
33567597
4181288
65440156
32551073
7556108
59849547
14642110
14633872
58532001
29009317
3589830
57378601
27960569
6979238
54715173
27336628
27139416
54208572
54186729
25491349
25348890
47829407
47692866
23388297
45041756
2693345
40481302
4890973
74383491
36943247
18266775
72301665
17387822
34630133
68655050
34226541
33699301
16699176
16563782
32367495
15994875
63973619
15094500
14978835
59364516
58438832
6975508
27768418
54826597
13350224
12983158
12789096
12232371
12210442
24414709
48344757
47815358
47795390
5254714
40657157
20243933
38867877
75972858
18950556
37266183
72757522
72520468
72296934
4452785
34677418
33981514
16885608
33196586
16463603
30620178
30557883
60640877
15043004
58923597
58908789
58473243
28960382
28241319
55994152
6966455
54805042
54754365
3373058
51567455
12689525
50625196
12225319
47869323
46206968
2669348
20578725
39901947
38564141
38165764
37107009
36842547
18009665
18009604
70295981
35104034
34590156
34505716
4205719
66630811
66109251
65176327
32524075
32361982
32317007
32038799
63692498
31824729
3959520
15169620
15158256
15120741
15000122
58977851
58800763
58534857
7295678
28937920
56090095
54188892
51035306
6051706
48339349
48289290
45991616
22941272
22713164
2761985
37830388
37280271
1138659
72282590
36024775
8769357
34640358
34597537
68149866
33845761
33190709
65708895
32802942
65435990
32264126
64294146
31734159
63106678
15134512
60473610
15065053
15042352
59959661
14938221
14887470
58930224
58692687
55808374
54797005
54207519
53778228
13345929
47767929
47761108
46796062
23298935
23203898
46266349
46077557
706637
20620605
40355514
40337187
76751988
75229892
68776740
8582419
68653928
34041540
33830105
33813182
33047415
32561820
64241253
31970014
31485887
31455249
7858516
62603886
7524795
15012140
14821883
59112436
58558732
58474759
57876644
57538247
27772808
55031715
54784184
54768755
26989625
50998674
24385466
11984340
47709054
47422087
23390638
2923260
22794653
11336257
21472614
21173214
41193373
39179314
9517145
75762399
37288038
73045446
72798587
72163498
68561538
33882065
33809408
33783233
33562810
33366973
33058302
65168125
16100642
31944172
31479784
15661980
30456137
7567610
7517266
58967427
58880380
58505844
14624483
58469057
57537706
28223522
55257225
55006325
54237526
54053588
3348796
26411259
47750161
47387843
46075558
10342982
40734008
39034844
38863240
9604102
75969438
75458096
74550455
37267664
36864194
72844730
70752722
35008727
68201795
67218591
33429565
65677515
65440363
65224365
32533329
31853257
31733575
3957354
15740744
15041602
59435709
29657079
58981257
58925611
58897516
58574131
7316011
58467024
27963960
6872435
54972977
54791371
27185040
26222080
26185382
24649429
12255722
12211374
47725033
47668544
23388202
46210618
22973804
11243757
20570965
40258198
39895691
4924199
19174781
37733999
73295792
72738532
72308772
36135320
17785639
35146522
69540271
68665852
68176501
33781695
67077458
16694076
33071527
32552103
32019598
15941761
63679092
31766188
31732903
31588912
60667891
15081885
14957060
14946741
59432239
14835885
59082807
59020511
58718716
58441105
57675064
27512213
54789137
54752424
109435558
54707565
52353886
51575934
51290066
25501420
12246743
12148424
23590409
46441348
22983108
11321774
45163870
2694494
40680605
4938227
19330287
74918765
73733676
35726730
34955650
68751764
68097090
68081862
33977836
67851529
67484878
32797857
32751618
65429099
65413812
65102323
8054213
31839634
31773768
15156549
15153822
56919436
28222415
6966170
55151969
54172610
13402845
830810
826686
25366556
12557918
25047938
12512032
3097159
12181520
47686045
47668023
46550588
46549022
46539351
46529941
22976437
45029608
2672345
5257225
5121329
38125041
37742581
37577533
37137987
36427005
72737049
70835298
35154349
35151244
2144890
34162291
34148452
33965795
33920505
4186730
33310518
33042108
16468686
32787246
65517207
65452557
65448189
65433945
65415652
65171389
64078115
63001503
62620589
15128024
15106275
15022350
15018495
14994325
14941482
29499266
29476010
58875707
14682743
58658047
58531422
54825998
54210554
54171578
54164133
26396336
26336507
26301019
52394565
51130429
25013325
12255387
12116433
47719783
46932805
46549646
46026515
5689839
11316729
22587995
2767712
21577635
20974194
41749875
19680890
19113658
19037615
37171534
18561623
72907512
72300182
72205745
71883413
8768631
34922066
68396771
34135264
8525592
34098995
33957409
16579475
16461160
65405963
32674772
65248975
65174964
8054714
31786103
63411494
3960725
15079794
29747966
59453094
14848717
58822563
58438906
55614979
1722368
54709566
54213822
54078023
53750316
26461229
26357819
26245435
3140684
12377984
6168382
48522089
48302627
47816500
47741650
47675285
47669252
47409501
23632729
2953974
23354109
22992454
11311213
2738761
2694338
21324439
41112097
40897558
5067474
9634521
19016252
73300449
72748452
36302590
72510497
4509200
34632051
68988207
68104091
33943148
2107289
66792125
16448042
32788735
65500726
32700048
32182930
31812359
63434050
15084499
60108046
14994178
59973156
59901930
59548005
59508178
14865158
3696668
58996716
58906915
58873371
58857305
58560256
58527510
58476667
58423234
27753754
54252858
26982650
26925543
52546167
49494898
12202356
12169197
47786561
23384759
23233571
23147494
22655440
2772340
10797229
10608302
20264416
75140740
37480482
37138875
18402385
36403051
72716507
72027356
17970453
68213972
68213277
68121070
68120102
68054688
33773648
67096975
33537290
33441448
66791479
66725118
65533835
32522468
32464440
64295951
64290269
31917099
62993605
7868405
15656715
61790333
15441348
15162673
60649369
15105418
15043489
15024696
14940496
59739911
59031046
58883403
58596262
14587233
58162390
58080897
28948580
57662414
57433495
7135508
55957791
55949786
13728805
54831706
54785813
54545555
54167931
53983011
13129841
47923312
47855261
23900465
47736216
47685912
47665821
23411756
23247076
45160273
45034967
21325917
10354497
41195279
40482251
40334086
40131549
19171920
74927679
74488259
37144774
73762920
36725307
72772568
72703472
71913175
17926407
8754915
69606858
8685767
2170532
8646401
34514770
34148456
34144706
68148729
67845604
4239986
33857084
33657918
67216235
16798876
33367342
16655909
65683672
32775939
65439841
32542871
32513704
32268253
8045757
31825679
31823915
31481236
7855808
15655212
62589591
30932784
1914394
7613042
15037685
14975160
59900626
59808054
59482312
59061929
58999092
58951464
7356124
58680970
58538078
58495463
58079590
57673744
57503781
57502730
57499156
56715887
55022460
27369999
54724039
27224515
27104217
54161070
26850501
13265796
26484704
50983485
50772407
24427896
12193140
24160162
12079165
47927551
47797409
23748195
23300106
5803784
45983350
45949279
45053650
693792
22022151
10821170
21554752
5363210
42441765
42413927
5254274
41832184
39881391
19506268
19407102
19143287
75225352
37145048
74159654
36850261
72873763
72273631
18025991
69557899
34613693
34599645
68455155
68148400
67478147
67477665
33381588
33200359
65439986
32426417
31873823
31809328
15704048
15131218
15098043
14946903
59364279
7378643
58995297
58890070
58507137
14523276
28960504
57862122
28242548
6995897
55131908
55015177
54738485
3315629
26403261
51404042
50711128
24661394
48522465
46427372
23202080
45999753
5749396
22800124
44673859
21558676
2663864
21307136
41823125
10388325
41139150
40884515
40565185
40338781
40338382
39898460
77403337
75656518
74598195
72793812
72149821
36053771
36020001
17997719
35653546
4443274
70981551
34983011
34859978
68595208
68081433
34030879
33986355
1057906
4123180
16485929
65799446
32524245
31834177
62718430
62009216
30922117
15083812
15010711
59988020
59986441
7436330
59274711
59005518
58860536
58819545
58531820
58457674
14578886
3547083
55188885
55141806
54836354
54834673
54775168
54722709
27212275
54084673
26981775
53786841
26441885
3224289
51387973
51176133
50994495
50709601
25271616
25242959
24851504
48268796
48254575
47864710
47663989
23461079
23288669
11336705
44700984
2773302
2678025
40573004
20240331
40276323
40276115
40052637
18948571
75030482
75008858
73744800
18373024
72306722
71911833
71469445
70743396
70530912
35143944
35133608
34840241
8591944
34270423
33935427
33811597
33782692
4194502
33537703
16721109
16698140
66676682
33323373
16471677
16447291
16435101
32820584
31932958
31774843
31755873
31723524
7569226
15063473
14974376
59474490
59468947
14791886
7356129
14684070
58544265
58493792
57767045
56083335
6962456
54809053
54804787
54790847
54232924
27091527
26992461
3353461
26493002
12704700
12633773
25001427
24436010
48277925
12063217
47924215
47692847
47678866
11831533
5789033
45974109
45945363
22964734
45795298
45676915
45054115
11259599
45033768
11217403
21371012
41846518
10336948
41127586
2555887
40646844
2526156
40195941
19140725
75263210
75141194
75103213
75015175
73300545
72738828
72337704
72158891
71902857
35720903
70710829
35004813
34635497
34598157
34582906
8596641
33937547
33883090
33882176
33822957
33707805
4205244
33065923
65684057
65555868
32741896
65392407
32327995
63871059
31819607
31773095
31754780
31752077
63427672
31535038
31475909
62907414
62880680
61879172
30929396
30924543
61686576
15132920
7514509
59853553
14958269
14940301
14937713
59674284
29596616
29596177
7380887
58864757
58847707
14690656
58562979
58549206
14634107
58488072
14609511
14516515
57738494
57679431
28458981
55253077
27511403
55003484
6853113
54800588
54790102
54254635
54240785
53671645
26523806
26250038
50990714
50389742
24837254
24670404
48283607
48088983
47922127
47872146
47867406
47834650
47669523
23504744
23423502
23302788
46023051
45971921
45799482
11350459
43708698
43599969
21482039
5366083
10444106
41631424
10333780
41241878
20484739
40521372
19511957
38672474
76808441
75211648
75159083
36962804
73663928
18368741
72735797
72304272
4511892
4479952
71368928
70946718
8845057
69196264
68141031
67807111
33901957
67476614
33673615
67219647
16528799
66098260
65538546
65526449
65500064
65471641
65388272
32427262
31796965
3956000
62955446
62944878
15643030
3906022
62283448
30928446
1926061
15361810
30366278
14937277
59476621
14816828
59264458
58920012
58555089
14636987
58509838
58449081
14608257
58215253
14522350
56010589
6966559
54822292
54794520
6847357
54719968
54707705
54560695
54551023
54248153
54162261
26771362
52970817
26301894
26198224
25951756
51000552
12660848
50438545
48428977
12033871
12027657
11988885
47698466
46928127
46884629
23234988
23233690
2830906
11202657
43391269
5381416
2669980
21161109
38301420
18983603
75833804
75746700
18816174
75020865
37438229
37247535
74478432
74392940
18540960
74157081
18439415
72772311
9001457
71933690
17977950
70205243
8773809
17455462
34627165
68776389
68192904
4248623
4240323
67598076
33518918
16463371
16457806
65559867
2048353
32653544
65229590
65175302
65168121
32564568
65033435
8069131
31825494
31740379
31572691
63133355
31458949
62824696
15652140
30861794
7628056
60908089
7589539
60600011
14971221
59864175
14943778
14939465
59073774
59028327
58947641
58931840
14633667
58530722
58511236
58450212
58440900
14594829
14489732
57661661
28276633
6966387
27737523
55263386
54782141
54172765
54153582
53672057
53606021
26508874
26445413
26181457
26167567
26057539
50990685
12747616
50662366
50436664
49169272
49151026
12284032
49130008
24418962
12184481
48520420
24166666
47826468
47787595
47691403
11726159
23444055
23285569
46033270
46015392
45964695
45949055
45038646
5398088
21486452
21458856
21437825
42357179
40792752
40124952
39876303
19328535
4780770
75946835
75879435
74812443
37276691
37129763
74106849
73045078
72853683
72845052
72241982
18025746
17900399
35274943
70272772
69606844
34616351
8587809
68460854
68133923
68115125
34019789
4241423
33898626
2116770
33783029
67483258
33385883
33158912
16577843
16484118
65677186
65503582
65430065
65406927
32568014
32532858
32395818
31877447
31851003
15660526
62603523
15644162
15546315
62177589
30925495
15165160
15107171
7528325
59985404
59840555
59674515
58564425
58468232
58456117
14613086
58208691
14521693
28945153
28944576
57477892
56655982
56071486
27785937
55261765
55257736
55201926
27555199
55034221
54829524
54768304
13644210
27217771
53913646
26389629
52702513
6584647
50379186
24833402
24280536
48527061
12034581
12021182
23959721
47868775
47796703
47755100
47183731
46907372
46603986
46392264
46224375
46064680
45979814
2828653
2696678
42139981
41193737
2550492
40557471
40119602
39887004
2484735
4912280
18999957
18999079
18956239
37822881
75130468
37514302
74569070
74481891
36636268
73064441
18262322
72924618
9107549
72801282
72781646
72727013
72295811
71931699
71910459
35502145
70758820
8635308
8618665
68870668
34321190
68625753
34233289
34162371
34151923
68194022
68186986
68149153
68081843
34032771
34029858
33984178
2113319
67572950
33679141
16688930
33201469
33200137
16466019
65408470
32533052
16225874
32340752
32325172
32268274
32186388
15992025
15952764
63730512
31763245
3957260
31565025
31459632
62880957
7858528
62592980
60477805
15106268
60188062
15025715
15011010
59995382
59980662
59855207
14942241
7427334
59267939
58823557
14700861
58794419
58539173
14629437
14613215
28947022
57884114
14372991
28285498
56003775
6979994
27500707
54977214
54816252
54796973
27136700
54229131
54195360
54077789
54047397
26787173
52325313
52084220
3248605
51560260
51421533
25367512
50397141
12500500
12470210
24322285
47871374
47709562
46886406
23313367
46271868
45983238
45790633
5376218
5369027
21475081
5189672
10331736
41322097
40790102
40569267
19869025
4803819
19140185
19060066
18995806
75758315
75259559
74490278
37211498
74157506
36796405
18372322
72870886
72869271
72860688
72846168
72843946
72822669
72797123
72308857
18045887
72089950
18013023
71117632
17777697
69469132
34621734
69036252
68861374
68428874
34159715
68078733
33963468
33882213
33869937
33824982
67482770
67481783
33707637
4198212
33513476
16708173
33387573
66316550
32780869
64904590
32374595
32356896
8063386
32214847
31997964
31939501
31854826
31812324
7868522
31459875
61815847
30732883
61049812
30515798
60822173
15160694
15148340
7527438
14995492
59607729
59504791
59039266
59032987
59003845
58990032
58922899
58905668
58874981
14688920
14632740
58478607
14511407
57542854
57493987
3591202
27957130
55261230
54996121
54986194
54812831
54730055
54710570
54592572
54224582
54217457
53979594
53788352
13402827
26389444
51240320
50359170
12563278
50165649
48972794
12181940
3043023
24293268
12141980
48533284
12120258
3026137
48284181
48096155
47957716
47785881
47694686
47687170
47666424
23705148
23667367
23302943
23250691
46389871
46241336
22992692
45947161
45855889
11335933
43639237
43578413
43005972
5355903
10620318
41942265
10394884
10330695
41093667
40588828
38905220
38568796
19130241
4770609
75878009
74897938
37155203
37148803
37138335
74147888
18400751
73527672
18182746
72429915
72234742
72201576
71944755
35726171
70775048
8754806
8749560
4344975
8600239
68134094
68049051
33998514
33967460
33962374
33914661
33904295
33867504
4227368
33782623
33702691
67087596
16715139
4162203
4148742
33110008
65977628
4118129
32770878
65538187
65518869
65440250
65433181
65393675
65335803
64998904
63930593
63900961
31945547
31942737
63675333
31797907
63290258
7858361
15340840
7642679
30468806
60857604
60670106
15164409
15086942
14995045
14974676
14938458
14937478
59486944
59447262
29579076
59032667
59002119
58924260
58909333
14695876
14587511
28960921
28955083
57254760
56228050
55940528
13934731
55006657
13734373
54789577
54713025
27116053
26280354
26141667
13003236
12972848
51638492
12785524
50878769
50772020
3118055
24151875
12072383
47988984
11975984
47821932
47755065
23597443
23379833
46718948
46548713
46494367
23148246
46000543
22983525
45868949
22924090
11329403
11309127
11286389
44604168
44325280
21984306
2701304
86278814
43059304
5376608
21016162
10445276
41550158
10346029
20637303
40995240
40714411
40054710
39894197
4869060
19334869
38556424
38517956
4786924
19104470
37991076
18990026
18986269
75257839
18801728
75204688
75182024
75033249
74870536
18691702
4650318
37062601
36893681
73420871
36427845
72783310
36299252
72516513
18030840
35474312
35137673
34958801
34242081
2130022
68103550
68079352
33996669
33916905
33669911
4198031
33432036
66786480
66355475
33080211
16463509
65526934
32749574
65279182
32548346
32489052
32399950
16163809
32260219
32258728
32029902
31939086
31856509
31850944
31825626
31812225
31741438
31732306
63245685
63120903
15705067
30846820
30481305
60858256
60750841
15137795
15117809
60029700
14996075
59480980
59275892
59247227
59182501
58921463
58892950
58878929
58836649
58822211
14646721
58509361
58450425
14572470
56823838
28404785
28304073
56071897
27963353
1738565
27505989
54841754
54821283
54735306
54591520
13621449
27214783
27196115
54166691
27078952
54142280
54076284
54073708
54060489
3376979
53899982
26839695
3353490
26290514
26187083
51407579
51014763
25498258
25467678
24768060
49132566
48996264
48919800
12206047
24289033
48264333
3011339
48037625
2999807
47920912
47756988
47733989
47692010
23835225
23826592
47306930
23389608
46773337
23302057
46266716
46215987
46036075
45972740
45946242
45025103
11255084
11218787
2749324
2696342
21430552
21341034
21294577
41955248
20625981
41087628
41017106
2550044
19291421
76718359
19111318
76302769
9474817
75248608
18650716
74463905
37127836
73415508
4570973
72267896
18066126
70965401
70907144
70743534
34860397
34632428
34432212
2129821
68147428
68124938
68110744
68091788
33961657
67699004
33808982
33510688
33508581
33508439
16702990
33233344
66171698
33000364
4109126
32796834
65500265
16371208
65414100
65172783
65165959
32515993
16233519
32041530
31724562
63242637
31490407
31481751
61680919
15381646
30691289
7658856
60912410
15171784
15038280
59990476
59745654
29731949
7380456
58999678
58923620
58923449
58916024
7363031
58886575
58879369
58853693
58851658
3661077
58523268
58440947
29156118
58089483
56698786
28294712
28255615
28099529
56009116
873690
6976190
55236629
55162098
54800889
54791368
54768206
54756096
54732378
27202843
27193681
54225476
27072543
54056329
13459944
3359469
3355593
53656201
26533098
26465308
26436101
52361222
51231275
51191538
51131226
25434382
50767966
12616979
24295916
24151042
48282950
12032510
48106315
47851569
47798933
47754202
47737433
47705689
46793782
23386825
46037342
22983621
45946767
22800222
11303764
11148263
21419328
2673576
10625972
21198540
21104380
10426728
20835091
1288715
41132062
40777988
40569858
40055861
77201525
76785739
76742198
38297454
18965647
18955361
75688978
9451686
75443409
75130758
36979966
577697
73763035
73542256
72813304
72763690
72755086
72754823
18070980
18065266
72225314
36077728
36026923
18007220
17991019
71807854
17921045
71457649
70835828
4418988
35002056
69474528
69466847
68800299
8593278
68644900
68639792
8576027
34272671
34097628
34096767
68126607
68126013
68079990
33954035
33934287
33933075
67838336
67780819
33780671
67072845
16719251
33348880
33195324
66113304
65560676
65477900
32702955
65247382
32554280
32550654
32503835
32491086
32327358
64293897
64281410
31797839
31717383
31492743
31490356
7869893
62606379
15544966
30968473
30775925
30540208
60903801
60671640
15132934
7552793
15067935
15066305
60097370
15023803
14979176
59602644
59100323
58995842
58978804
58849733
7354724
29331096
58532113
14632843
57427765
56009750
13987007
13979487
27507278
55010411
54999222
1714244
54711888
13669031
54231035
53925595
838035
53605393
26487909
26443055
52704139
26291253
52353742
52344040
13004022
25883329
12847640
25364892
12445361
49496231
24734949
49380496
12337732
24423087
24383650
48259427
48137983
48050685
48001418
749394
47921037
47855252
47840490
47816685
47786232
47761961
47755670
47738234
23671025
23459313
23396062
11644817
23289013
23282233
46253748
46241416
45971993
11486713
11301664
11262394
44483026
22090992
2748318
5488199
10896738
21417476
2675478
10689707
21332428
2664662
10413600
20704590
20625631
41216308
20582312
5143238
40490023
40071763
39888847
39878472
19681690
19344592
77355749
77211402
38263057
37148807
37051967
36968160
36964973
73683323
73664119
36792032
73126271
73066343
72861727
72834479
72812957
72812700
72518683
18086467
71472249
35697435
71360115
35649458
17806227
17592071
35154327
8771728
69499881
68872657
8586612
68657254
68446095
34126882
34098267
33871830
33814882
33666026
4208148
66819230
33199163
33069571
8259864
16419342
32774024
65519281
65388548
65339011
65226945
32563813
32410100
32065318
32019346
63988864
31763560
15830324
31576480
31531730
15644612
15598258
31071570
61811081
61401988
30690517
30396771
15164233
15081883
15032400
15021092
14984336
14957128
59759502
59478011
59461702
59461077
14852057
59363368
59357769
59274004
59270317
59160020
59030913
14739666
58949062
58938836
58927375
58905654
58874490
58866550
58861166
58836680
58732667
58559864
58552220
14636074
58495795
58437296
58117345
13896743
55186422
55157935
54821818
54790040
54775790
54766117
54747210
54728335
27273760
54256035
27121872
54237596
54184125
26985174
53818754
26847432
52930597
26454422
26243290
26190513
12890123
25510480
51006163
12621710
50380167
3125057
24765374
49300839
49223328
49180513
49169414
12200741
48704927
24174710
24173281
12021661
48040655
47839246
47820442
47763623
47758413
47737678
47734208
47705361
47681365
23827911
23433629
46664388
46554951
46444498
46416237
46181713
46070998
45993535
45982445
45973905
45714319
45697781
45268816
2828863
45163978
5645272
45046607
44838583
44641713
22009115
5498784
21384209
21294047
21100972
42188498
10534562
41831895
20683720
40720497
40690632
40649315
10138155
40118337
39976994
39901091
2471573
4808821
76568268
18985808
37743076
75135198
1169582
37337607
37125504
74121057
36966720
73460683
36669233
73305441
73077178
72843917
72837406
72797584
72780567
72774070
72158911
70985760
70881805
4418813
70630058
35233438
8760937
8756662
69416683
34704984
17295139
34532348
8622336
68621517
34299388
2141315
34237446
68454080
2138621
68206303
68205261
68149232
68134149
68128005
68116812
68113277
33923407
33901444
33900581
33843939
67591936
33777350
4215512
4194810
33380419
66675575
33054849
66087409
65991123
16455884
16443866
65684111
65445137
65435261
65429211
32569456
32533028
32532559
8087391
32342125
16078187
64290493
15995920
15994676
31850875
30803684
30352503
15082696
60124605
15027970
15024861
15022214
14937717
59476676
59173120
59030027
58907961
58823597
58658238
58554887
14619002
58472242
14595268
28953586
28944188
57866432
57650610
57582257
57492084
14352782
57385069
56642422
28248134
55869942
27748305
55048977
55024642
54872526
54831692
54800016
54771885
54766370
54714163
1709429
54503475
54451727
54234018
54220028
54208664
54127281
54051753
53783377
53671939
3353838
13350756
26510593
52340778
25912012
51220473
50975777
12705612
24971144
49600089
24734540
49297253
12257291
24290598
48527293
12060767
48093633
48088910
47815762
47768424
23698207
47275071
23631899
5872358
46807122
46535097
23229850
46364749
46224255
46048584
46033140
45976548
45795967
45462426
44853175
44503590
43598895
43569161
43179570
21471263
21441463
21394554
21133812
42205315
41827774
41792609
40735891
5035705
40214642
2505223
39884010
38929634
77403412
19338171
9643996
76829666
4772095
9532714
75947088
18980022
9472795
37739965
4664520
37107493
37013756
36964366
73074023
73065926
72910933
72855080
72800347
72765245
72745733
72736398
36317160
72162851
18013458
36026679
17895099
71543165
71176190
35538553
35146898
35057625
34898197
69476778
34701859
34602485
34589433
34579996
34568533
34545552
8568983
34252631
2133872
68218471
34105411
68149879
68145891
33935635
33923765
33860749
33851429
33830726
33807572
33662528
16691221
16688753
33361994
33253091
33246793
66220479
66212096
16532681
4119971
16440873
65546704
65414598
65243662
65229634
65174813
64319525
64299458
16051522
16037314
63947109
63862429
63822393
63785444
31836817
31804810
31789603
31608615
7858134
15698681
15698621
62655964
62592760
62590530
62282195
15523605
61794987
15151413
15081230
15046323
15044779
15042901
15040087
14982446
59844538
14945101
14944118
59473270
59354059
59017111
29498044
58953270
58929959
58858516
7355230
58743017
14672478
58550491
58545382
58531075
58513117
58509867
58488731
58477143
14590909
29162253
14534635
14524028
14517787
57525209
57513240
57390098
56813842
56010954
55985640
13993858
13890297
27527703
27514142
55010511
54834781
27395009
54724084
54706305
54612420
54592718
54393500
27130057
54242276
54208312
54175146
54167890
54153252
54151645
26337794
13136190
13121072
26235471
52373322
52239922
52238305
51501611
50711064
50710927
50385894
3134957
25001504
12491860
49166260
49130974
49101963
12180596
3022792
24176059
48345721
48344811
48341840
3013898
23991069
47838070
23895180
23841522
744554
23772094
2962149
47236722
23617146
23417445
23408445
46629544
23280706
46411426
46280334
46207643
46027897
45986395
5692590
22669267
11325634
45087361
45067828
11253975
2784299
5501420
2694253
43080039
42997005
21469409
2674006
2664480
41787610
10413012
41249320
20620246
20612570
20587272
20459953
20271636
40481475
40465580
40066761
19645295
76330283
75806580
75279827
37522649
74898169
18689224
74658864
37145312
37141908
37131981
36987369
36966728
18429220
36837001
73074421
73061996
73052885
72799520
72799120
72795550
72785577
72754249
72745859
72616576
18081595
72293687
36106177
71912624
17805844
35248041
70321425
8756407
8754780
34671243
34568172
34561122
34541965
68873380
68806420
34241325
68461389
68179138
68146269
34014983
68009416
67831950
33893232
33879827
33857618
4230077
33801089
33801000
33795400
33759585
67218682
67212055
67073456
66710532
4148817
66102139
33042730
66080444
66073362
33002140
4112303
32786939
65519928
65514892
4091860
65441487
65428826
65428173
32703497
65403182
4075773
32519649
4029039
8053201
63914052
31837239
7956497
31765336
31732950
63359079
31631876
31590095
31587166
63056822
63028801
15703483
15666849
62597456
62002629
966123
61755575
7612722
15117670
15109763
15088214
15080156
7514095
15002382
14945044
14943158
14938099
59673077
59511431
59170251
59036215
58985551
58960111
58910099
58906010
7320674
3659191
58477978
58477075
58476410
58458484
58335471
14519778
28957351
28947886
57866324
57514066
57302808
6960557
55173274
27513888
27505995
27494530
54809431
54801165
54786365
54780242
54770194
27177876
27122995
54198450
54163969
54153862
54076951
54007161
53995832
26902044
26225536
52354109
51531142
51302191
51098689
50977642
3185984
50612328
25009923
3102812
49194375
49168781
24514446
12211475
12193175
24213774
48333736
48257206
48256691
47944955
47688355
47668743
47536040
47264640
23632240
23406828
23283151
5791125
23151907
46223974
46185152
46048214
46016263
22997046
22991604
45968825
45460716
5635126
45071594
45033857
44887471
44841817
44841645
44704423
2785240
21710226
5410493
43282084
21582131
21435388
21428382
21417225
5239625
10462424
10442297
41464061
40909336
20440580
40869130
39902239
39897922
39895793
39000652
4815619
19177156
76507562
9507930
18985904
9476041
75580904
37741824
2357377
74937518
74922145
4674048
37134105
74147653
37057792
37019353
18410286
36790933
4590869
73306191
36350616
72517377
72080247
17959602
71521036
557790
17785307
70946122
70752750
35133771
34835331
34673706
34625472
34618724
34615652
34601578
34592046
68932141
34314539
34229251
34104764
68173045
34042328
68079564
34028467
33980240
33843383
67671290
16913912
67473450
33671987
66773826
16691064
66336822
8268664
16519135
4118898
4107165
65545203
32769185
65512067
65508258
65435954
64906239
32364959
4043584
32266611
32134374
16044039
31921186
31918234
63491576
31725082
31578599
31519655
7870881
7854320
7848573
15644674
15612728
62011450
62001842
30741468
30706796
15338056
30628234
30624051
7605881
15127062
15045171
15042571
60096459
60023390
14957919
59822505
59768985
14941095
59466440
59454201
59178969
59016993
58963021
58876728
58874606
58862707
58827183
58545278
58520657
58508748
58500480
58483128
58467708
58211674
28958149
28956475
57902645
57476978
56967164
56654530
28249086
28118597
28091924
56009839
27963616
6968663
6967498
27776265
13853073
27679306
55293793
55261546
27509796
27505765
54789661
54767482
13658556
27117460
54187786
54094653
6733683
26837613
26336538
52632682
52177345
51806484
50432294
50371845
24434468
3044900
24255168
48287530
48136616
47825114
47806668
47761504
47706730
47706085
47685890
47679084
47666869
23696632
23436325
23392843
23388215
23369144
23306040
46553168
46544400
46258464
46155448
22998660
45960325
45948227
45932995
45665625
2836144
2833358
11309281
11274285
11261343
2795772
44503506
2760876
10979264
43659998
43658878
43509081
10806044
2691518
21425809
2673916
10687742
21314584
21260002
21257741
42431103
10553019
42169243
5262970
20971658
41825775
41790675
41515347
10332980
20630083
41252471
2555533
40489169
40343972
40341542
40120578
39894414
39875458
4866562
38265088
19093985
4772631
18948277
9468536
18827518
75263154
75231091
9321538
37259565
37253958
37141030
74159421
18483801
73846374
36847818
73523063
18354690
36605070
73061001
72931629
72726217
72664064
36280761
72294025
72291405
72268734
72212767
36016199
17991780
17956862
17919256
17905316
35752121
17839392
35602213
8842369
8822229
8753159
69958653
69472851
34622417
68700315
68634202
68531207
34249170
68438460
68198301
68097451
68082096
34035283
33983045
33939931
33828504
33825506
33807533
33778221
4221914
8414422
67257180
4194603
33537594
4182923
16716875
66709157
33194826
4127824
16450833
16432352
65682681
4103621
65624672
65514912
65423418
65414484
65291396
65251937
65170131
32558561
32547901
32539418
32521956
32337246
64609697
32272717
4001328
32004322
63987036
15977286
31929305
31864893
63696470
31837587
31824734
31814706
31794689
63576599
63568886
63552509
63550804
31718774
31525261
31499086
31484205
62617969
976702
62009023
61992725
61798920
7712504
15343782
30389650
15169721
15159220
60608377
15146987
15134171
15132755
15116805
15098404
7546366
15082680
15068471
7532848
15062573
15040656
60117231
15025030
14962867
59500924
59005598
29500515
58975832
7370564
58958645
58906364
58864571
58821635
58505249
58500253
29244573
58474754
58460975
58437297
28951739
57675862
57441987
28593643
28315124
28262705
55930872
27961067
27874121
27680579
55204202
55176543
55156993
55150788
27527573
55006906
27468055
54816141
54782162
54768035
54739145
54710967
54541745
54427458
13603869
54207799
54128964
54062564
26912654
26877132
52971092
3309729
26389604
52356330
12966013
51382212
51211930
51200584
12719977
50800974
12687244
50387653
3145058
24840927
49195310
767669
12184863
48724215
3039036
24152193
12010797
11990737
47941049
47927638
47837835
47781485
47757714
47718955
2980785
47681705
23436451
23435858
46815659
46805027
46757200
23375797
11679411
11606949
46226377
46048304
46028080
45961536
11341253
11331070
11331005
11325743
45245076
11296416
45152688
2766170
21969530
43749665
43410239
43244082
10805897
21465353
5346277
21334143
21300536
21244120
2654771
21227370
21174908
21132519
42138192
21059604
5237970
41887549
20913316
41790363
20579707
20457292
40825328
39889157
19895934
2472423
38563217
38360376
19091695
18945531
75669711
75611181
37736704
37702415
75271308
75153899
74934750
74744923
4662115
37265779
74474898
74455906
37110870
74149835
74130093
37049293
36970882
36947784
73745066
73054820
73053758
72930843
72867396
72843604
72821012
72773284
72748691
72735627
36189385
71921523
71921150
71528676
35757650
71374843
35556796
35542803
35489335
70764282
70666361
8808616
17564301
4369621
34913099
69468146
34535845
68646562
68408954
68199786
68187193
68171471
33929161
33902103
33893464
4233361
33842391
4211485
8414248
33402468
33202660
33098123
66159756
66112547
66112372
65685027
32797585
32793604
65575157
65539176
32754446
32748717
65446311
65444799
65435914
65398008
32666614
65326382
65169202
32258997
64223660
31930855
31882489
63701610
31849162
31763376
31763279
31722116
7855034
7854787
62765878
62604089
62600100
7818439
62330697
62306711
62277154
30924338
30916182
61821333
30906371
61688556
30400151
15143148
15119546
15066540
7523662
15038705
15037098
15027219
59995804
14960577
14958620
14946935
14946641
29876818
59674248
59479945
59430203
59278419
3695939
59062990
59022636
59021617
58898154
58868693
58851590
58836631
58823849
58560635
58523249
58081906
57854923
57802351
57669667
57441593
57360831
56923547
56751711
28250360
56447306
55564511
27778065
55263822
55131156
55038291
27511221
27508280
54977598
54945064
54825247
54814090
54789448
6847320
54775228
54748380
54722962
54599658
54596837
54580462
54535632
54507277
54343827
54250293
54221458
54194774
54129776
54068752
53945895
3369365
26879050
26855473
53612199
26466139
26443060
13128115
26233013
26231039
26204238
13064058
25953759
12920808
51021300
50990941
12705187
25265223
3150518
50361185
50358907
49599961
48931074
24409077
24404681
24375889
12062690
47924253
47923348
23925652
47839072
23902716
47793050
47744306
47726217
47691790
47456049
11775746
5881737
46787633
46753780
5837036
23217940
46309535
46280309
5767032
11530113
46026593
46009716
45976044
45867505
22668609
11312601
45243554
5634985
2815084
44892952
44707491
44676142
44674064
5529955
22047757
22019859
5497112
21431477
21418292
20959560
41609146
10396635
5183490
20700226
20691972
40869013
40626359
40344491
2512940
40117916
40059719
4806851
4770556
18961345
18959891
74964090
37454680
74737184
4670468
18674637
18657109
74598464
74584924
18564660
18561260
18484629
73758280
73757071
73667838
18389524
18296555
18291023
73065994
72843942
72794410
36330841
18165199
72515464
72319467
72267488
18039560
18029475
8980613
71608702
17901389
17897984
35705547
71119969
35490162
70945542
70847915
4419385
69469068
34603270
34586748
34568177
34544910
8616653
8612417
68874799
68622668
68444965
68395403
68394815
34141847
34140095
68245286
68151953
34034591
33975718
4246204
33966667
4244275
33931728
33893171
33842602
33821551
33808538
33794010
33775610
33743785
8421076
67253822
67218911
33507138
4185504
33430407
16714809
4178316
4177193
33059873
66114560
65972901
16477723
16467702
16447371
16444036
32880483
65690049
32811810
32788251
65500858
65442064
65441354
65440997
65423479
65404208
65388434
65326120
32621516
65121804
32558922
32553648
32522552
32522063
64820782
32402155
32355554
32144905
64165774
64112777
64000933
15995612
1998576
63843776
31919547
31811733
7952198
31744583
31725373
63322551
31654718
31611653
62752716
62745756
62650106
31140849
61963345
61906575
61798565
30894822
61784728
15442662
30844196
7683199
3838839
30521684
7605539
60682636
30274087
30273479
60517497
15117773
60436617
15082921
7540781
7537317
15067166
15066551
15038138
15024063
15019531
59994919
14995901
14957428
3729865
59603356
59458378
59448122
59277017
59167904
59160623
59015702
59001879
58994104
58926676
58896021
58882713
58876563
58828308
58824081
58819526
58808030
29375698
14665272
14662706
14646908
58542932
58523873
58476293
58466003
58079328
28941499
57842608
57726224
57684958
14396812
57579437
57281621
56922759
28311362
56611684
56537049
28095941
56011041
27960536
6970419
55156597
55142179
54997915
54971811
54831027
54816080
54810163
6847532
54719228
27357002
6827168
27104854
54197437
54197225
27089396
54156827
54048785
26979679
53911023
26920933
26906911
53229236
13215153
26246653
26237448
26191172
12961946
12912031
51379600
25592687
51156944
12789151
51130584
25498092
50991882
50984492
12559885
25010006
49818824
49600513
24735682
24628245
49248665
6133216
24425157
24414934
12200818
12191304
24165944
48321929
48290925
47823361
47805590
47504328
47306744
23301590
46603147
46397954
46270264
46252551
46235581
46207219
46185385
46048935
22992111
22980430
22971458
22966948
22962506
45883745
5689951
45174714
11289643
45044794
44537097
2767495
10898276
5427626
43315593
5399031
21445710
21382239
2669552
5332659
2663324
21156388
5276911
42054841
41762608
41552158
20561525
41029461
20359510
40653930
40517963
10092135
40259114
40125362
40118238
40107891
39899931
38846392
4837170
19337774
76730883
76385074
18999608
18988747
75927803
18970989
18967735
75848776
75153025
37059063
74091078
36979799
36823134
36636211
73090537
72995531
72916506
72861590
72824235
72800229
72784473
72772499
72757537
72745918
72714517
72281716
72266025
72217178
71170727
4436374
70786375
35253181
8763220
8752613
34904838
2172127
34621277
34620175
68639999
34247015
8555883
68442919
68436233
68400978
68367152
68185268
68157794
68148806
68146029
68096719
67991935
33955038
33903463
33881195
33811136
4224728
67592344
33794356
33782950
33773623
33664610
67324984
33578636
33512116
4186362
66811582
66638670
66232356
66172186
4127443
65900748
16466781
32800096
32787259
65519821
65511922
65499564
65481955
65388525
65167992
32561917
1977
32358375
4043382
32261796
31884351
31872722
63687740
31824450
31821085
31780393
31765220
31739804
31495682
15743373
62665616
15541797
61962836
30932773
61795045
61791641
60726405
15168903
15159950
15155602
15121826
15119488
60444446
15093764
15040528
15031585
15012902
15011573
15007438
59981152
59892602
59840867
14946998
14937494
59475925
14845295
59133901
59114960
58915867
58910125
58909887
58889157
58879242
3674540
14673181
14641686
14587791
58342847
29143660
28960721
28945924
57847542
14450948
57555534
57524910
57519235
56675446
56617518
28297992
56574476
56514000
28199014
56312362
27965019
27951919
13906377
27753474
13772484
55004046
27467595
54766616
54758276
54744524
54742805
54722520
27307423
54546426
54503374
27216194
27121544
54214774
54203407
54200126
54197270
27094466
54136750
54097232
54068349
54055433
26919089
6712388
830578
26453085
26449233
26444680
52546901
52483769
26200737
52361549
52219982
51553515
51406691
51247055
25477365
50849480
25415515
12702660
25321804
50633016
49598881
49112292
12256937
12232509
12201094
12192255
12135170
48525504
48273686
48133823
47873891
47873842
2991012
47827481
47826656
47767922
47755565
47739028
47724871
47669942
2952279
23487323
11727649
46904761
46879122
23393672
23279869
46534480
46500467
46485121
46421582
46234104
46229726
46213786
46012545
46008476
46006714
45947826
22955701
45849551
45841639
45840254
22801868
45326140
45092642
11264258
44438578
44424284
21987529
5421645
5374803
5365631
21247864
10529673
41836182
41817064
10417151
41162482
20539958
2549598
40788016
39900438
39892051
39734796
19736576
39182997
39036036
19427667
77151782
77086524
38496662
76938125
4803183
4785872
4782209
19127575
9515847
19002088
18999968
37994209
75971108
18992554
18988480
2372465
75765988
75764317
75693793
75588939
37737916
37735537
75034096
75000075
74913970
74886207
74115349
4628667
4625749
73963572
4598115
73536372
18262016
73041823
72753719
72447328
72422781
18006308
17994533
35618435
71171075
70973917
70934988
70260099
8773289
34958931
34894724
17394834
69446194
69445814
34603977
34542523
68993222
68987148
68805301
68637112
34316145
2141961
68490829
68398312
2136456
34159808
34126852
2132883
68193595
68178097
68147537
2129180
68112738
68102582
34030655
67992805
33985228
33974672
67875375
33923056
33907263
33855461
33841390
33830013
33825442
4227518
33814605
33793879
33781486
33774916
67529110
33733259
4203807
67247353
67217730
67211478
4195106
4181804
16723111
66818921
66716244
66118342
16429599
16413853
32776909
65534589
65510685
65499444
65411923
65393631
65388128
65171410
32562637
32522229
32413422
4045235
32270801
32269701
32259061
64304290
32114552
64220694
16038612
32044499
32017738
15977742
63902876
1994676
31834181
31753610
31744352
63429374
63359122
63173960
62944375
7855116
62645031
15648136
62294530
62257396
61950529
61920126
61906688
61802399
61795804
30837939
61647540
15402877
30693876
30498458
7591578
30317511
60562736
15135092
60535079
15131417
15097782
15081068
15067562
15063034
7527032
15045516
15032151
15011853
59991749
14997617
14995731
14983286
14977634
14975541
14957020
59761151
29723444
59433651
59365013
59287838
59075587
59006306
3687491
58970343
58968565
58946489
58927493
58909007
58906378
58894582
58889236
58887595
58856424
58828078
58654833
14654323
58547723
58529431
58487201
58441653
14598202
29176786
58293448
29009253
57884416
14374388
57342151
56840054
56782147
56760289
56624773
28295399
56353529
56101068
7002537
55947144
3494924
27959003
55867682
13928555
55640669
55236511
55195051
55193539
13792546
55154493
55032972
54962128
54804075
54791151
54768633
54765563
54754800
1706411
27272256
3408416
27134619
27104600
54203736
54179485
53763266
13386089
26513764
26484208
52699252
26216805
13013848
25945527
12821426
3190634
50991012
25462605
25392541
25391487
50774995
50388088
50385682
3145610
12527128
24935087
24848946
24837400
49494481
49169430
49008215
12219317
24435986
24431929
12188450
12147251
24280675
12123963
24173791
48290943
48278174
47957580
23938886
11968727
47848540
47847869
47824981
47783508
47748392
47734074
47730215
23751694
47411002
47349967
23601219
46749989
46659973
23315824
46606817
46282946
46235762
46201651
46187318
46173714
46035310
22973907
45944476
5732791
22923817
22689678
11314786
45165530
11290280
45127071
45063867
2767678
43532277
43279196
43244344
21560049
21476154
21475769
2679141
21361715
21347803
21255709
42406037
41857044
41729550
41551664
10338602
41285144
41237743
41133536
20482869
40814227
40769202
40689653
40644003
40573140
40570068
40471422
40433674
40116819
39896497
39888614
19852170
38918505
4799887
19143250
38050750
19021548
4746200
18967568
37906871
75576431
75524041
4715049
75225933
18657295
74393004
18569347
18564378
37125436
37121567
18420092
36657627
36427141
36410559
72784243
72290991
72264876
18059149
36108113
4509045
17979207
35651822
4436032
35242670
35133288
8773665
34943002
34886109
69416914
34642045
69225034
34596917
34528986
68838914
68703865
34324239
34313860
68581975
68437916
2138470
8543879
34164111
34031233
34027210
33881005
33848144
33830334
33821351
33776092
67441118
67381682
33648117
67213929
4178724
66825266
4174549
33375733
2081893
33292872
33265121
33202930
8281040
66075939
16517941
33016914
16470776
4114851
16440472
16437525
65681481
16413586
65500395
65451737
16361886
65429730
65429313
65401756
32698053
32564553
16279664
32541027
32523304
16150051
32271340
8054969
16099677
64302267
16054050
63843978
31853451
31812186
63556042
31772882
31762608
31751321
31741738
31724161
63429190
63334650
63332236
63142718
15763719
62994460
7869169
15708585
61787812
61686249
15381579
7613505
60861556
60739105
30343457
30328868
15163043
15158625
30315184
15126116
15024989
15024220
7507501
15008299
59990450
14981809
14975483
14959082
14945759
14944938
59757423
14936752
3722117
59499884
59474548
59454931
59285971
59199295
29525595
59018016
58953537
58940142
14725463
58895880
7356540
58851437
58824552
58822416
29400012
58573188
58554615
14636033
58506816
58494983
58476948
58450615
58438035
29138367
57876431
57673696
56865759
56760164
28248706
28248673
28247896
28210600
13989206
27965029
55872991
27869653
6960394
55307532
55171456
55166326
55161806
55150317
55024838
54990675
54828796
27412290
54817502
54816562
54794588
54730788
54728389
13649177
27282315
27168995
27125955
54249080
54208450
54206774
54178353
54093471
54067267
3376248
53982545
53905470
26921980
26851662
3353254
53128979
26344902
52689323
52568082
13110241
26212434
26209042
13066104
12912566
51496017
51433394
51291258
50998460
50979718
12691230
50708365
12634704
50177486
24918306
49234989
24522183
12210875
12204691
12198887
48745537
24166115
47922972
47838048
47813914
47813692
23886482
47760803
47758472
47755191
23877122
47739350
47732804
47718556
47710765
47677768
47669474
2947221
23437617
23374499
23275410
46540627
46504956
11592844
23147548
46255863
46240754
46193692
46048469
5756015
22978488
22977996
45955831
45950146
45839911
45263669
45262871
11267715
11215483
44837192
44551078
22132080
43659595
43275394
2699938
2696862
21557062
2668692
2665967
21324029
21264556
21263078
10545732
5248987
10449271
5203830
41608893
2585559
41335399
5140555
41103442
20518486
10175044
40645312
2530171
20173062
20113224
40116930
39878203
19703161
19669115
4825646
9634774
38500834
76949654
9593846
9566979
19127535
76229467
9501636
37897379
75660138
75601888
9442817
37750046
37746631
75478099
37729386
4703560
75173802
75150897
75150592
74720379
74716258
74712518
37213283
9289849
37149225
37147725
37137834
74159534
74151011
74026287
36961900
36840098
73475584
36589401
73064367
73035866
72869668
36427214
72790658
72774076
72705293
72669511
72301215
72210864
18015373
71917325
71489659
70632190
8794030
2193095
35084175
8761641
69795603
34859437
69476811
17301893
34581426
34550306
34407630
34324253
68629843
68517711
68435869
68401117
68357066
68139044
68115510
68114203
68101549
34028964
33953937
33934341
33898265
67786045
33871597
33848131
33841477
33811996
33776474
33753378
4211346
16722696
16709009
66724741
66721951
33273778
66232334
66081033
66074024
16471783
16466887
16456011
16442873
16416703
65568177
65515238
32754513
65448768
65435767
65427191
65403589
65337628
65326717
65280096
65277454
65271252
65242161
32569558
32550788
32535396
65047086
4062817
16229884
16224600
64770020
32332924
16094501
8045199
64295434
16046813
32015932
31871175
31855482
63686757
31794519
31775660
31743607
31743208
31718848
31587460
31578646
31563108
31560949
31494569
31486809
7866348
62902436
62586665
62304990
62277308
61975472
966592
15389350
15382253
15382099
7688592
30712837
60928971
30444225
60833648
30414131
30316664
60616845
15142142
7567029
15119542
15083560
15080245
15078494
7529241
15046512
14995602
59895988
14973859
14945655
14941362
14941185
59674187
59471897
59440853
59269218
59261276
29595889
59180389
59008159
58977377
58953187
58926067
58897862
58895157
58895076
58885852
58865246
58862477
58828277
14694753
14683934
58590636
58574426
58555574
58540843
14632637
58528971
58509704
58440565
14608712
14593838
58193733
58186708
57666023
56923138
56923013
28458710
28366920
56693676
28292062
1753792
27970954
6990534
27956468
27873733
6963275
1740694
6956866
55638233
55173008
55041278
27511568
27503136
54968025
3428433
3428361
54832903
54732422
54720904
54719151
1708222
27185243
27126958
27123472
54157048
54076806
27038220
3376065
53976946
26697199
26406696
52564144
26239250
26200474
52343749
52341266
51132205
50872366
50800426
12687195
50484158
3137672
6188965
49494503
12357476
12233174
12204004
24401248
24298364
48395440
48324255
12041074
47814892
47813348
47793020
23884024
47765403
47757456
47749384
47745786
47732115
47726455
47682976
47664254
47350154
47332678
47266178
47230419
23606394
47202346
23566492
11719868
2926887
23410290
11687849
46747955
23278875
23252214
46500415
23149494
23147981
46272299
46231538
46201598
46192522
46048331
22991866
45945919
45927744
22949090
11321179
45218924
5633316
44832442
44671665
2768233
5411324
10793196
43066510
21358937
21320389
21313156
21286986
21247492
21161292
21126811
21108592
42143181
42135502
5250350
41828198
20836252
41412917
41353186
41242390
20517957
40734978
40587531
40574132
40546610
10122835
40408624
40406934
2524579
40346641
40119765
19833706
77320673
76930131
38451486
4789260
4789062
4783975
19042006
18969150
75822692
75067304
74810436
74756793
74732999
4647238
37147676
37117452
18543000
74157866
36937791
18406547
36628060
18286925
73077109
36421215
72822371
72774499
18117206
18081395
18073485
72216891
72214029
18048301
72153971
18035062
18032143
18031040
18018718
18017929
18004842
71536542
35762691
8895303
70758431
70718613
8807424
35217821
35150725
35126943
70191783
8760272
8757312
34825976
17400098
4346060
34693230
34557328
34543388
8622348
68577825
68454221
68431804
34140539
68179775
68179288
68120336
68089711
34040796
68081191
68080506
68077105
34012318
67992355
67971739
33868842
33845302
33825700
33825308
33792982
4221677
16884879
8420923
33668246
4207610
4203509
67211722
4198150
33472968
16707547
33334299
16632961
33076337
33058446
66109093
16480833
16470140
16466235
4106539
65677668
16407206
65536986
65520792
32756083
65507114
65505275
32746173
65444469
65429304
65416006
65397390
32681382
65340987
65261336
32592662
32529452
32529044
32522340
64780912
32338985
16162225
32265688
4028187
8048827
32036644
64029095
31951616
31940517
63768392
63766511
31851957
31850173
31766629
31753581
31733256
63419107
31579964
61919448
30902481
15345579
30553131
30510725
60841921
15171374
60558214
15132281
60522485
30244559
15120585
15117373
60467706
15108182
7553532
15078592
60043773
15005544
15003699
14995049
59964689
14987172
14986485
14976053
14971873
7481249
14960893
59669494
59639394
59474025
29731179
59262979
29596393
7390076
59111284
59072869
59005794
59002943
58968031
58950085
58929227
58876327
58835496
14699726
14684576
14684189
14631990
14628552
58497466
58491722
58491049
58486597
58486247
58441254
14580017
29135620
28947200
28942538
57606553
57553194
57484650
57444045
57392094
57390505
3545573
56727152
56454217
55959464
13949246
13816560
55169948
27548188
55028427
27507060
6854444
54826284
54813628
54810539
54807831
54774414
54768582
54764247
54733456
54725014
27354753
27350723
6836432
54593713
6823291
54417363
27131319
27129019
27080759
54154012
54141595
54130483
53977291
26912637
53783862
53778772
3359454
26513257
26510453
52985004
52972094
26331761
52616381
13134080
52355494
52338626
26121661
51942975
51563927
51530245
51155507
12783096
50992584
25418045
12637867
50451508
50448448
50390600
3140312
25011439
12485839
24840331
49582101
24773801
49498091
24731272
3086640
49130909
12240728
12159300
24294880
24171510
3021339
48286516
48001354
47861449
47852210
47839175
47826824
47793094
2983223
47706712
47679449
23838360
47478335
47440259
2958124
23615430
46805986
46805540
46793038
23309715
46556066
23227896
23200781
23200547
46224642
11541272
46020261
22992092
11470821
45868082
45863806
11462603
45636124
22724424
11341214
11332297
45127793
45050028
45042032
11256042
44892955
44700033
44423165
22208145
5545863
43582306
43548889
21754473
43367330
43204952
674882
2694169
2687143
21470525
2680468
2680340
21421632
42666896
21326673
21274198
21182650
42358702
21136461
21133921
42259153
21106632
10549146
10530418
10507041
41991113
10445330
20822895
20802248
10389692
20738110
41465663
20710438
20702032
20570568
20479061
10188476
40572892
40118087
39886857
19806228
39249719
4901356
4896187
19339111
38613078
38549403
9628468
76930315
1199426
76757422
76518754
18999748
18973578
75879893
75867188
18963352
75794374
37893686
18945054
75657856
37690856
75277423
75245552
75183569
75029085
74909803
4674524
74452028
74161776
74157920
37039216
36991217
4622599
36976002
73490473
73074935
72931236
36390090
72754538
72737064
4544937
36324492
72639649
72403463
72391476
72288787
18035403
18001551
17988878
35686226
71363082
35599760
17786619
71067157
70965788
70756216
4420622
35352227
70420785
4398321
35152494
35068980
69876666
34792513
1086814
34746785
69448331
34670509
34625565
34547285
34401381
34308269
68574717
34147235
34145275
34126846
34126841
68217598
68186868
68162891
68143953
34043269
68077965
68049446
34013626
34013150
34009544
33986794
33986611
33965985
67875246
67809286
33896146
33832630
33826046
4227978
4227318
33806788
33795703
33793064
33744943
4211830
33672193
33667601
4206853
67300758
67220295
67213078
67209150
67207676
33520947
16721097
16702754
16701233
16693117
33365528
66715049
66700126
16633322
16628856
33241897
33199810
16578444
16577331
66102724
66098384
16440092
16431576
65682756
65679510
32828123
32795234
65544169
65535124
65512200
32754441
65415843
65393118
65325997
65238809
65229120
65205065
65148952
32546420
32521756
64906334
64906116
64885572
32427946
32401133
1012294
32385832
32264193
64265558
16038977
8003177
63993696
15995192
63879579
31881827
31867339
31863119
31862679
63694958
31842537
31794738
31751336
63435067
3960363
31497950
62991173
31454728
62905149
7858015
62646094
62154009
61986645
61875681
61653437
7610640
15130821
15124602
60489549
60429368
15099653
15084320
15052910
15031090
15013249
60031996
14995797
59943498
14971807
14846851
59361923
59284479
7398905
14792224
59103401
58905145
58837657
58822664
3673472
7340106
58564200
58550922
14629184
14625154
58481320
58441937
7295529
29144567
58275056
58076149
57876287
28931701
28928853
57662380
57490307
57442031
14352636
28298594
28290963
56052317
7003327
56011347
27973039
55872334
13947296
6968117
27781170
3470746
27765017
864670
1726327
55190966
55164650
27567324
13774584
27512754
27507418
6865142
54792584
54775800
54755333
54755085
54714706
54596563
54594688
54242150
54230756
54214841
54213953
54184145
27090566
54130851
27053241
3380901
54092126
26955844
53785915
26838879
26837607
53661873
3349294
13377015
26494349
52988484
26464606
26441064
6608278
52516500
26226353
26208014
51934242
12919960
51382556
51080150
51020220
51005955
25468208
50768142
12691915
50763818
25368844
25320686
50628387
12634681
3155931
50424271
25196912
50362923
3140672
50212624
49593065
49477157
6164060
12241058
24447959
12223726
12210489
48553635
12137490
12112076
48343026
3019778
2997924
11985373
47920585
47917173
47900660
47848115
47838268
47756019
47678933
23689940
23633234
23437890
23428912
23413284
23300866
23296443
23280958
23278999
46537369
46509846
23212663
46227202
46206534
23046844
46027923
5753393
45948351
22952737
22794716
45217245
11256802
11213103
22289324
44324866
22133126
22125863
5500097
2749076
21957686
43670852
21704068
43407003
2693292
42993267
5363096
10715371
21377219
21337470
2666667
21111962
5271978
10530646
5263011
42088912
5249037
5241747
41631448
10386394
41530193
20625662
20583613
41113464
2552114
40760656
40703510
10162632
40580074
20253456
20235449
40468542
40354791
20154035
40114763
40109644
4876068
19393014
1210778
38556786
4806849
19149715
19142162
18945066
1181275
37729672
75152370
74888924
18683773
74594414
37253827
74472223
37167348
37165462
37146293
37096249
18524631
37038464
18502569
18491234
36968524
73856052
73673657
73667011
36830636
73454160
18356925
18356901
73070672
18257279
72930408
72867290
72852643
36408741
72812814
72767911
72756328
72739711
72714965
36296787
36154947
72220560
2248979
71921506
71899618
17913183
71574951
17871726
71458364
17841090
35574040
35573402
8845099
35307457
70568170
70375345
17566443
8767577
34960593
69503428
69448917
34615585
69171451
34549003
8603274
8586990
34284597
34246151
34167551
34148787
34126732
68207776
34101637
68200467
68158199
68082201
68081400
34004833
33987604
8495422
33966372
33937997
33919446
67831830
67820693
67806857
33902894
67773213
33881867
4232381
33856143
33842487
33830787
33794183
33742571
67258728
4180091
33419989
66820865
66773624
16574341
66245632
66115106
16499435
65788944
32879757
16433831
65568784
65554109
65515561
65515318
65436221
65433379
65429130
65414684
65282375
32622449
65175392
65173911
65121963
32557183
32481920
64896297
32375077
32374962
32351838
8051252
4012034
32036639
1997298
31933076
31833977
31801240
31764551
31742274
31586329
31563307
31484506
31480574
62904732
62577801
15615049
15603257
15602211
62279587
62175212
62156032
1938992
62006164
61775778
7614952
7612932
30364108
30290526
15116943
15113088
15102104
7547236
15067169
15066961
15066549
15064082
15045275
15044263
15043328
15032957
15032769
7513707
15023458
14997254
14994775
29911058
14944388
14942785
59583411
59432354
59367301
14836290
59339616
59336548
59286053
59027550
59005439
59004735
59003558
58965163
58953976
58934522
58931439
58924787
58919535
58896909
58849032
58826382
14659867
14655630
58555888
58548101
58532383
58508462
3656476
58459810
14613057
58439497
58439069
14590476
29152839
29140062
29013476
28952550
28945764
57888656
28942975
14460212
57639621
57566361
57282898
56856236
56832317
28293325
56530675
55970883
6962636
3477654
55634923
55257797
55160617
55140812
27568087
27564973
27534509
27534379
55052109
55010603
27498159
54995611
54991496
6869819
3433872
54835504
27417416
54816926
54797780
54793327
54769086
54767910
54750739
54710838
27276487
3396411
54341105
27165870
27134946
54249225
27114943
54221277
54187364
54139416
54128904
54064336
26903991
26822175
3352737
53532229
53221623
26493974
26443587
52653427
52542915
52503733
26247733
26230631
26224909
51851387
51501449
51387970
51302213
797915
25456020
50800463
50771234
12683370
25336613
25324276
50437255
3136483
6251498
49965979
12486690
49804044
24733627
769984
12210669
24400788
12169464
12166190
12163463
12160131
48528462
48472146
24168679
48278293
12057692
2999933
23938616
47825844
47755963
47749867
47743510
47725340
47690850
23743293
23667853
23461260
11728687
23438431
23435328
2924843
23392689
46744158
46605368
46553774
23256952
23228951
46350969
46264569
46219337
46215860
23041054
46073093
46070667
45997860
45989025
45984112
45983511
22985111
45969672
22976169
45944355
22962215
22960167
11418510
22800719
22793612
2849154
11342470
11339525
11309220
45042870
11215691
22257511
44424392
22190517
22149907
2764666
11036954
43664579
43552643
43552360
10882145
43417275
21434358
21431184
2675502
2673702
2667997
21333919
21328056
21296633
10617200
42424177
10588987
5269054
5256572
42051818
20680645
10339487
20678628
41152669
41087866
20481292
40646716
40475599
40433866
40346659
40072037
40061990
40058272
40044820
39876322
39871631
39699041
4954286
2476562
4900739
19518166
19469253
38930122
19445025
4814433
76558616
19077649
18982516
75660181
75589998
18880762
37732488
18864022
75455827
37727443
18826912
75224205
75136001
75036362
74925506
74896902
74881221
74534340
74520122
37121814
4636770
74161889
74159484
74137916
74100799
36983415
36982123
36978393
1154545
73740312
36856342
73673649
73644209
36806095
36668822
73304280
36627126
72861229
72861063
72823812
72821952
72797545
72763621
72759523
72728863
72721012
72716446
72709719
18154661
72509304
72485693
2260225
72271161
72269989
72211191
18016773
36020420
4500530
17989079
71424738
70764406
8825129
35244461
35218168
35124796
35008955
34998171
34942116
17400152
69573594
2172787
69448887
69327718
17312061
17305564
34595867
8597061
68752695
8593901
8586105
34334874
68447926
68446338
34142532
68272702
34133921
68180491
68176458
68172294
68144135
34016786
33997207
67985259
33984695
33982258
33981683
33951749
33946924
33934656
33932685
33919660
67772289
33879805
33868804
33844959
33795146
33732032
33676945
67346578
33665904
4208237
4205438
67253566
67181095
33559564
67071648
33513380
16719410
33432273
16709204
16653326
2080257
66347674
33164411
16568971
66208670
4137114
33077952
66118361
66098839
66091550
32967624
16460070
16430931
4106860
8198289
32774299
65533979
32758715
65515064
65507124
65448656
65420200
65417308
65413424
65406995
65362971
65136119
32546427
32541031
64699163
32333015
32179593
16047037
16042060
31972479
63935440
63844207
15933968
31824488
31821801
31815581
15866606
31720066
63341347
31603560
31518981
31475446
31459428
15713095
15700494
62643755
15644704
15639285
62408925
15601736
62282800
15543252
15441672
15431705
61651603
15401900
15401219
30681312
30633728
30591664
60812066
60684656
7567288
60536828
15133080
60476836
15117239
15108822
7536482
15067777
15065168
15048835
15042088
15040149
60124577
15018436
14994616
14976149
59901965
59895855
59853341
14960807
14959809
59806786
14944821
59757273
29831604
29825726
59464426
59461993
59460395
29726362
29723308
59444591
59346136
59261595
29586396
14785810
59111157
29536919
59023398
59018034
59003048
58962386
58929520
58907078
58906781
58887735
58862276
58847560
58810697
29400603
14677220
14668207
58575598
58509292
58481870
14617616
58454322
58451761
58450661
58449572
58442725
58439215
58214884
58206285
58033525
58020756
28957493
14451000
57802448
57545359
57543825
57524815
56885476
56864284
56449872
28198118
55984598
13984351
27964340
6965187
6962475
27810059
55439081
55255140
55010565
54994175
54979996
54975278
27486787
27473199
54879670
54866655
54823625
54818855
54793617
54783368
6846953
54753457
54707432
54707258
54705955
54677779
54554154
27176227
54284917
27141130
27129018
27117169
54213918
54187728
54179079
54162458
54142744
54134036
54098982
54095042
54093154
54064702
54049614
53984549
53946853
26953466
53889462
53067291
53024105
26467453
13197510
26388924
26304909
26288227
26247026
26189799
52345605
3230723
12922433
3222703
51158504
12787209
51000346
50960135
25467664
50851980
50760863
50710772
50615612
12628353
12608337
3141869
24735504
24728489
12290294
12209792
48548420
48546223
48527300
12129445
12128905
12125749
48404828
48397815
24163729
24097691
12047924
47926653
11973429
47868297
47846071
47843865
47820659
47816715
47764207
47762928
47733933
47717949
47704778
47704585
47701931
47671708
47666459
47302392
47282774
2944095
11723216
46865417
23390316
2921381
46737293
46605934
46562086
46537658
23249729
46491733
23226008
46398297
5790471
5787307
46282364
46261610
46034990
11498681
45981210
45963483
45947602
45865601
45850305
22924179
45807217
45448194
11335982
45258947
45182542
11289800
11286756
11261490
45040105
5606946
44840818
11207547
22259131
2754323
5494326
43663126
43553845
2711186
21661740
10799531
43170423
42958086
5368803
21474195
21458030
21440693
21349056
21306560
21296492
21289850
42433862
10607676
10593267
10544358
42141134
10511973
41988474
10390144
41182370
41169460
40960542
20255930
2527197
40345985
40342074
40134439
40129180
40128301
40107661
40050960
39889404
39876479
2476091
4861984
4861952
19341702
9640786
38560713
76933071
76735034
38166112
19069353
75946114
18984742
18980385
18980172
75373152
75213934
37570566
9390462
75082235
74914469
74740877
74735653
74734582
9326036
74518964
37164939
37153287
37142908
37140960
37125091
18562260
37115454
74178280
74161905
18537434
74142968
18510806
73948425
18464394
576788
73822919
36895330
73775113
73674725
73555052
18382295
36630854
72832852
72813878
72791123
72777580
72771465
72714760
72708705
72699848
18068871
18058928
72219359
18047072
18036093
4501670
18001042
4497382
17989256
35972512
17950366
35733324
71346710
71163230
35539831
35493149
70933753
70767420
70758231
70637343
8812203
35159186
35131520
35124012
8760265
8752896
35008423
34957692
69416878
69408488
69209291
68857888
68851459
34387797
8579309
68630286
34306764
34296871
2142156
34272588
68461867
68439165
34138809
34126318
68248454
68191606
68148195
68147054
68146863
68095227
34041853
68079637
34028907
33980811
33955064
67882987
33936530
67836880
33904507
16949894
33883863
33880969
33870303
33856321
33815558
33813112
33804763
4224878
33791008
33778329
33778274
33749581
33716642
67382793
33666614
33664437
67230821
67219068
33570813
66749486
66739133
66640812
33199867
33160154
66172916
66085768
66082455
16471423
16466334
16464087
16447979
16422480
65688543
16399935
32774059
32757534
16371519
65417103
65388337
65273420
65171333
65153927
32564887
65123040
32560155
32550971
32550853
32537451
32362456
32324344
64312106
2009085
4014154
16051566
64015125
63940372
31945726
31885567
63758718
31863256
63706761
31826178
31814436
31809779
31804312
31786339
31779803
31767177
63533518
31743221
31740013
31725470
31688450
3954172
31580133
63153976
15762736
31215241
62283672
62004427
30908878
30871622
30854497
30803673
15385335
15380808
61415584
30636302
30474734
60862282
7603453
60785542
60637578
30301981
7574920
15149531
15147566
15145447
15117656
15116807
15102583
15080732
15067619
15066495
7526087
7517426
60118709
15027947
15025595
7510442
15006431
15006336
59997432
59975942
14985365
14977853
14972039
14968320
59865594
14964068
14958717
14944103
14938545
59752153
59485011
59482943
29738293
7428090
59345713
59342378
59262723
59117624
59112221
59027066
58985885
58977538
58922095
58891138
58880010
58874077
58852577
58851959
7356451
7355424
7355293
14670837
58661270
58544663
58530218
58529613
14624916
58499663
58493947
14618772
58475066
7309234
58469506
14605375
14603353
7299045
3645432
58202226
28949793
57890930
28942789
57864199
14456652
57825162
57719379
57448031
57354608
28632881
56868683
56791889
56221494
28101182
56108860
56087012
55941298
27968715
27968242
27965389
3495528
6976157
27771746
55285631
27611047
13800993
55195389
55162004
55161397
27511680
55005953
27500619
54988565
54973160
27429443
54830530
54810481
54797970
54788628
54758435
54756432
54748990
54745109
54743808
54731056
54724923
54708223
54592148
27204374
54302874
54253438
54226434
54215482
27104235
54205521
54190502
54171933
27082633
54149262
27063429
54087231
54061937
54060085
26992107
26982841
53786127
53785400
53778001
53655610
3319534
26514239
26485857
26453810
26275702
13121798
52478953
26223558
26208898
52350316
26158662
52220164
25945695
3222748
51281231
51268147
51249971
51156516
12768676
51043573
50982136
12701660
25393862
50777292
50775519
50773290
50769168
12692221
12619670
12617862
50384074
50379501
50373732
25045904
49600600
12390613
49020918
12210967
12201554
48689919
12153394
24297736
48548393
3024104
48208670
48173952
12028196
48003817
47916434
47897635
47862705
47839839
47828524
47825063
23898346
47796591
47779104
47758215
47748544
47742582
47741958
47741684
47741233
47724320
47721437
23858137
23839887
47678215
23505230
23476191
46807694
23265736
46420447
23207300
5787988
46227387
46226939
46073984
46028345
46021186
45991563
45947284
22967825
22966295
22952129
22944027
5731120
22924356
45847616
45718575
22845234
22792829
11325072
45248051
11310530
45204026
45161124
11276778
45035169
22288977
22072356
43566102
43553800
21717290
43392544
43142002
2692112
2689993
42987812
21486658
21468519
5365607
21453847
21420363
21348499
21333331
42405791
21130449
42188901
5253187
41637754
10396634
41242150
41022752
2556888
40813998
40807689
20263553
40478630
2524703
40060580
39956087
19892082
39757664
4922011
39020859
19505511
38502816
38500058
4808186
76783907
4795849
19154264
4784242
4778647
76429327
76344057
76336998
18997386
75938227
18969155
18962102
37893055
18917709
75650588
75502410
18874945
37743262
18864634
37655906
18777315
18744178
74730869
74428835
9299226
74393385
37149057
37135229
37123158
74157795
74124137
37056154
18517502
36971070
73804993
73765027
73671661
73667753
73482049
18286073
73062932
73046744
72839372
72834749
36399611
72794937
72759033
72755553
72753760
72743351
18183418
36251626
36241734
72464904
18049820
18001365
71925059
17967974
561039
35685383
2217332
35471029
70940138
8846857
8841961
1103937
35269832
35216739
8752410
8746351
69954235
4355590
69286211
34625661
69142570
34529066
69055294
68911894
68799995
8593564
68739327
34323470
68529527
34225351
8550955
34132079
34116504
68210625
68194580
68194261
68159506
68149082
34056565
4246856
33956710
67881772
33940272
4238800
67790529
33841147
33825061
33804525
33803683
67605896
33783166
33778048
33747819
67490505
4214918
8420633
67336448
33657559
4203535
16799897
16797970
33571947
33532454
4190852
33497373
33496379
4184080
33360073
33347506
66673036
4163328
33201216
66381456
33161273
66041029
2056794
4101884
32800083
16398673
16396534
32786961
16386132
65539927
65507213
16371413
16368871
65416826
65397456
32688862
32554324
32516116
64999200
64671567
8067066
8059806
8048018
64328358
8031449
64126665
31999901
63989004
31935974
31885554
31862254
31841419
31788341
63490405
31742707
31740611
31734648
63420049
63414912
15846316
31636169
63127914
15762654
31493821
62907645
7858677
7857825
62679748
62674247
15639849
62148517
62108338
61879400
30922319
61793825
30836267
15339608
7628127
60910099
60867455
60770239
60709226
7579909
15158739
15155026
60567477
60567181
15139686
60493728
60453318
15105903
15098605
15096075
15082645
15079127
15022833
15014087
15013482
14971262
14960136
14946139
14945399
14941577
14941348
59754608
59747130
29866655
59731044
59461346
59345054
59296292
59267625
59261450
59107837
59104976
59029836
59029339
58999709
58987706
58948773
58939832
58916019
58861246
58835695
58828479
14651900
58537990
58521879
58520241
7314678
58508435
58505587
14624627
58494026
58483006
58469411
58468909
58466570
58459861
58441228
58418282
58402405
7295510
58193471
58182470
14540766
14532694
58080676
28957176
28952347
28950394
28944809
57863001
57827346
57718300
57655244
57648263
57504883
57482727
57479246
57439744
57331880
28464661
56791946
28363721
56642058
56620721
56504061
3506453
28016135
56010721
27954582
6978395
27840728
13891296
27772455
13860260
13815446
55220916
13779672
13779647
27511371
27504838
55006275
54977482
857327
54827925
54788572
54770853
54746518
54723311
54722618
54715761
54709424
54671038
27229446
27221262
27134599
54190797
54156514
54153902
54153159
54148611
27072363
54137366
54086403
54061960
54029291
53664268
53568497
53271400
53244917
831192
26510891
52980631
826380
26208257
52216771
13048680
810808
25936605
51554021
51395818
51231758
12790244
12781963
51061295
51023687
51020498
50981822
50803826
50761592
50707816
25336367
50661392
12633852
25221525
3147655
12584587
12584250
50320964
24846818
49337369
49192667
49130917
48970666
48945642
12234969
24412494
48714825
48448288
12106836
48394607
6043069
24172226
48207981
12021558
47868990
47861932
47829815
47827478
47765563
47765428
47759225
47720025
47666750
2976180
23798060
2950804
46919687
23450266
46887162
46860125
23391173
23382627
11679737
46650871
23276588
23274162
46530655
46516727
23235649
23230240
46433130
46389227
46360428
46281978
5784813
46249930
5770824
5764483
46000101
45991223
22994812
45972548
45965918
45964955
22976310
45951206
45946540
22972064
45883116
716880
45632814
5648340
45166638
11285803
11279835
45032428
45031476
45029392
5608143
44860811
44840848
44703718
22291419
44576754
22258108
44323940
2767348
5509124
2752529
21967945
43767426
43672780
43498964
43377688
43318934
21582200
2693705
5376011
2685574
21473934
5365233
21457963
21456706
42910730
2681623
21419696
5346128
21383435
21318402
21290659
21256964
2654044
42350612
21170003
2646005
21165524
21150750
42260307
10563016
42137699
5254733
41990291
41985880
10493147
10466983
41844836
41835980
10445455
41747905
20801712
41307303
41306960
10323347
41217699
41172246
41113107
40800430
40778437
20348364
40389670
40130803
40119826
40119654
40115815
40078976
40064113
39900087
39898801
39894946
39882557
39824264
39750721
38919836
4862628
19400329
77262123
9627414
38483117
38482182
76876550
19203697
38387842
76721130
19158333
19094877
76209545
38022781
18989674
75883138
75846010
18952591
18945337
75739402
9435152
75368170
75268321
75182089
75173906
75020467
37437006
74741743
74703284
37249744
74453408
74427657
74161808
74149401
74142998
74129861
18498868
36979033
18489089
36978093
18488016
36968368
36944236
18464360
18461740
36899051
73665608
18415430
73632780
36681005
73304274
36634585
36603417
18266796
72947333
72930606
72870944
72870051
72866339
72862703
72801999
72643191
36311176
72531286
36257015
72344524
72219905
72218574
18042037
17989466
17988881
71942000
17980144
71915542
71517178
35757576
71495649
35714442
17832277
35562337
8890117
71107345
70919462
70916666
70712577
35254293
35242980
35138530
17538093
8760323
8746082
34924303
34884043
69628704
34795668
69503201
69447853
34720091
69416754
69410055
8651507
34603332
34572880
69026390
34478738
34465098
68871540
68854612
34425789
68659198
8575326
8574536
34293720
4286297
68556604
68551098
34272065
68464531
68445388
68436126
34167395
34146955
34145063
34144758
68255318
68220992
68219803
2131771
68215780
68213619
68194110
68168871
68163160
68090099
68087072
2126883
68050980
33999993
33998465
67993259
33982874
33974289
33961386
67914447
33933276
67836367
67829228
67823546
33883651
33881244
33845821
33837343
16913805
33817538
33809829
33807835
4224611
33794922
33783702
67515412
33753751
67480911
33709545
33704095
33672089
33670805
67281886
33494423
33430234
66732342
66657393
66552914
33252777
66414919
33194330
33117602
66221658
16538452
66125136
66122219
66115069
66098912
66087127
66081673
4127497
16476128
16425432
65682055
65597339
32777284
65538000
65519523
65517553
65510570
32737496
65427306
65385438
65362985
65290669
65242947
65242909
65176549
32547750
65040233
32496294
32481023
64915571
32456755
32414605
32394153
32377913
32360036
16178634
32318780
32259064
32223367
2005641
15993555
31949628
63865736
31904296
31881438
63761299
31852453
63690799
31797442
63570173
63550051
31773682
31742922
7931021
31720299
31718435
63291170
31586787
63011777
31495925
7855926
15660322
15657180
976126
15609474
31213822
62347405
62284152
62050953
62035229
61801972
30869535
30796027
30725150
7673510
30512933
30486076
60921378
60848066
60807139
30376265
7591839
30341888
15168216
15166969
60618042
15152448
7569152
15138152
15133854
15117080
15106032
15102514
7548696
15081904
15067774
7527495
15054189
15045689
15043761
15042967
15040441
15036619
15024739
15019146
15010696
14983743
14972754
59792585
14941261
14937792
29860628
14868786
59474758
59448685
928387
59349775
7418507
7411838
59287577
59267910
59074265
59069117
59038094
59033866
58950891
58947271
58929722
58927465
58923028
58896355
58890520
58886285
7355657
58837040
58835047
58801508
29382885
29374182
29349293
58562924
58557342
58555681
58529630
58523323
58509744
58509553
58505412
57882904
57877252
57863477
14459541
14453662
14448428
57445503
57344688
7123963
56931304
28457556
56886654
56711536
56639280
28297735
28270110
56091755
56036399
6993857
27951817
6959380
6956555
13886927
27737000
13854372
55188779
55132206
27551594
27544991
13771366
27532915
27532749
55061227
55042205
6879559
55000703
54986869
54826211
54804175
54776841
54768034
54758292
54743045
54738652
54736814
54721677
27359796
54716805
54700045
27338940
54676094
54504364
54441437
27142115
27129052
54231669
54187086
54169175
54160466
54097510
53831556
53772885
53663443
53655922
3349328
13383498
6683333
53069943
26465198
26412772
26397607
26374802
52681361
13129951
26201250
52239615
25959932
51400796
51362380
51288311
51246875
51062001
51004444
50992705
50767517
50624764
50386043
6287340
12535839
6265116
25006482
12486984
24919913
49439967
771411
6169061
6165341
48937479
12212582
24406424
12201276
12184299
12161045
48524088
756909
24213752
24203167
24179320
48351277
24168033
24150934
48248232
12060893
48189338
3010458
12032329
12021076
48049774
47984787
47875914
47873002
47871664
2989828
47826484
47813420
47797151
47797118
47787030
23889944
47757634
47742917
47732552
47727225
11929957
47714122
47705850
47703465
47684197
47677750
47668650
47667955
47659546
47422963
11795738
23447119
46879161
23435690
23385401
46763425
46748125
23282319
46563072
46559931
23269727
23269196
46402538
46383917
23176148
23151289
46257688
46246897
23100821
5773161
46071910
46066062
5757210
46014775
46010254
22992609
45964752
45948304
22969904
22969637
22713838
22713011
45327949
11323132
45262610
5633976
5633288
45061385
45047785
45039430
44951164
44578233
11063672
22001136
10999288
10988418
21961363
21929489
43661246
5428038
2713810
43366967
43285262
43236744
43118440
2693747
2693639
43094089
2692050
5380677
21449269
2679891
2675336
5347659
21336499
10665133
21292737
42440853
10531668
10521114
42058061
10511598
42036942
10490435
41729278
41659251
10395616
10364162
41323371
41299287
41279362
20618518
643508
5139671
41022436
2551306
40728763
40563334
40559307
20279574
40452791
40451327
40443799
40405908
40131940
40121805
40118292
40065517
40055017
39927801
39892646
39886833
1246164
19897183
19854001
39680190
4932260
2452321
19489669
19446223
38864366
9709278
4851315
19302083
77166869
38554761
1203963
38501245
76930337
19151119
4785925
19119646
19093700
76364355
19041804
37994448
18973942
18966319
18958354
37908837
37908418
75801628
37897133
4735823
75640264
18880571
18864901
75382375
75039616
37483239
74965700
18719670
74875460
74734561
37278455
18639021
37270540
74485896
37107076
18550037
37092357
18482448
73929217
73796166
36855984
73683274
73675196
73663815
73554544
36724535
73306633
73078939
18263027
36485501
72949679
72855964
72854722
36418042
72814953
72807537
72799094
72719168
72716807
36312527
72404449
72336896
72216777
72215795
72189134
36023842
72019256
9001858
71930751
71818951
71796985
17922773
35734085
71461270
17827284
35600383
71128242
71058033
70945563
70942018
70934986
70851771
70837852
70789724
70744826
1103968
35255773
8747233
8747100
69958574
69785369
69463069
69447098
34618573
69141973
34529605
8623772
68948312
68877395
8607461
68800141
68773468
68731099
34233976
68454735
68432951
68429444
68419771
68357040
34132095
34129603
34127082
34111117
17054207
68184772
68172340
68155917
8518060
68143472
68080091
34033894
34023660
33954081
33937838
33933504
4239192
33827062
33807257
33778374
33743847
4217310
2107031
8427781
33706486
33673427
67256257
33625585
67217109
67146723
4193295
33535010
4185836
16723629
4177346
66772091
33377925
16688200
66732357
66691792
66670451
33316447
16649098
16615127
66215878
66153065
16477825
32944848
16437463
32823048
32801324
65519501
65508331
65500791
32741594
65447036
65438721
65425731
65411872
65406786
65397794
32696664
65351071
65345148
65267825
32632552
16295549
65148847
64928827
16225792
32436653
32375062
64711915
16122821
8046377
16037190
16037187
64078549
64015953
63973396
31961520
31919461
63778986
31885559
31881901
63692920
63686924
31834955
31820490
31820072
31780623
31753124
31744152
63400183
3958852
63340403
31645546
31637548
63237646
31582122
31550586
31516696
31499266
31493050
62943001
62941750
62910346
62654525
15661993
62610811
15652197
15645867
15642118
15641129
15605667
15600430
3899500
62280435
62280368
62220696
62068650
15410089
61442772
15350642
7658520
1911351
30522957
60921446
30441921
30431129
60771052
15162788
15161373
7574158
60514292
60493896
30241502
15097772
15081259
15080345
15062658
15054791
15052870
15051538
7520607
15033028
14985844
14975928
59855181
59840476
14946816
59763701
14937046
59670217
59478361
59437148
29715154
59388476
14845385
59345447
59339789
59260203
29607319
59182703
59110678
59039462
59030926
59010006
59008707
59003542
58994608
58964822
58964402
58950349
58948590
58947950
58941007
58938249
58923068
58920338
58908322
58902174
58885505
58873755
58852289
58851577
7354165
58826296
58822910
58819962
14699961
14676138
14668787
58549170
29244732
58486869
58477135
58474796
14618617
14617864
58459389
58457540
58450566
58443164
29206829
7298046
29161786
29135197
3634583
28959663
28957174
28955801
14473573
57885299
28937471
57846778
57725364
57668243
57540534
57535688
57448049
57349049
3581799
57260375
7117737
56928959
56920504
3554059
56617973
28250089
28096437
56058010
27971081
13979273
27954358
27951694
6972156
27813412
27804169
55604298
27791025
55254810
55143530
55140532
27567612
13777411
55032206
55031958
55030568
27514120
27512740
27512499
27510517
55000391
54982016
13740663
27472906
54819334
54801067
54797863
54767652
54765834
54759796
54755941
54755321
54754163
13677690
54686106
13643229
27283029
54468641
27229902
27207806
27206987
6800729
27136838
54249305
54235554
27109943
54157770
54144812
54138176
27067024
27066513
54129106
54128686
54115013
54099534
54099108
54089831
54067136
54056614
54052498
27024092
3377474
53906188
3368328
3359409
26862404
3356345
3350686
3329042
53147568
53012074
26397428
52612339
26226883
52374319
52316907
52315541
25928510
25871667
51501555
51498896
3217488
51337569
51274717
25561772
50975325
50803369
12683433
25350776
50631001
25279115
50452364
50452311
50447383
50412258
50378985
6295526
3131633
25012353
49980082
49535889
49496770
49494903
24733140
6171483
6138671
48940598
12225371
24419321
3041674
12160875
24292078
24180134
24169598
24153540
3017508
12033519
48125591
12019150
11985554
47937344
47914436
11965431
23922807
47840893
47815659
47810337
47788521
47777950
47768408
47764735
47741216
47740104
47726102
47724845
47717341
47703029
47702718
47664063
23773485
23705565
47322807
23656719
46918136
11729134
46910987
46907152
23453143
46882316
23437386
23410126
46798133
23398857
23384731
23384235
46757862
46757738
46738598
46624163
46604222
23281640
23274316
46494762
23233413
46411712
46368081
46351360
46265473
46230824
46225028
23100652
46021915
46021715
22981673
22977926
45944984
22972333
22972076
22967724
22967306
45934102
22955968
22789508
45248101
45181175
11279544
11273026
44935425
44702060
44599888
2785963
44503749
44473177
22094483
22051642
22001995
2735113
10898350
21775864
43504049
10817679
21584837
43031685
2687999
2685455
21433729
21422252
2668823
21315719
21298027
21276879
5267708
21027404
5255966
41987040
20974009
10464660
41730131
41631494
10383643
41515887
20621674
41225461
20588739
20583258
10276614
2556869
2556711
2553697
20429478
20333111
40579869
40259257
40115875
40111561
39900357
39895312
39891508
39891095
39873927
19899871
39715598
4889805
2433883
38940281
9632025
4794307
19138179
38240095
19018779
75847955
75847662
75845513
18961154
75814256
18944925
75725916
75633241
75503376
75493772
75480094
37737441
37736684
37715548
9417251
75258667
75225034
75214507
18768823
75070015
75054536
75021022
74933663
18693690
74744519
74736737
74721954
9322868
74483185
1162234
37125631
18562679
18561016
74143731
74110878
74090550
74086076
74085133
18510141
18501754
36978100
36961970
36942464
36941046
36766389
1148371
73425930
36709274
73306569
73281344
73100380
73075021
73062501
73060585
72932163
72858701
72846634
72823619
72805364
72774514
72747818
72715922
72693150
72656668
36231437
72451783
18095364
18084161
36089507
18038949
72102741
36038377
18012767
71926530
71924393
71920912
17934592
17870854
17841382
71355206
17832934
17827733
70995064
70939757
70851013
70501134
35245122
1101221
70373632
35109333
70178326
8768568
35064875
17523032
8746594
34884543
69563770
34730233
69448422
69445071
8655257
17306107
34543285
34513639
69025007
34510398
34506749
34460765
34428965
68757802
8591758
8586695
8584598
68628064
68581580
68580739
68573201
68509481
68456922
68434324
68419139
68403871
68400622
34188984
2136661
34126892
68221425
68193426
68165768
68133719
68121018
68112734
4256424
68088025
68086884
34010010
67989701
67986440
33986507
33980717
4246720
33966351
33961247
33945470
33940518
33935405
33920362
33918680
33915143
33902707
33893002
67772991
67770320
33869324
8465089
33841848
33821619
67600995
67597367
33779479
67519017
4219685
33741373
33670855
67324289
67323915
67254671
8404818
67217913
67181806
4186145
16726198
16717217
66824176
4168102
66637532
33157128
33157002
66313529
66220197
33081438
66081090
66052827
16484012
16471135
16458573
16458283
16455925
65791147
32890553
16436900
65689605
65685380
65678769
32821218
32817578
32795741
32792462
65537205
65526908
65514198
32753190
65503193
32744305
16371501
32738184
65430158
65428259
65416133
65401615
4084968
32649709
32642393
65238508
65233588
32586535
65157731
32562967
32551774
32546499
16227568
32413090
32398707
4035920
8066496
64459422
32208357
64317576
64291763
4017895
64242320
32107847
64126262
31835573
31824137
31820461
31811335
31760917
63516861
31751278
31743935
31723370
63320491
31552451
7870288
62934104
15666282
15662704
62603453
62056472
61811382
30873399
61655906
61562665
61539783
30753937
30735455
30727481
61432822
30673541
30662582
30653806
30499208
60923085
60915496
60757599
60725100
15160820
15158188
1894593
15154600
15143004
7567648
7567600
15127116
15095011
15082125
15072829
7532528
15055291
15054127
15037810
15032920
60116875
15023697
15008124
15000052
59989211
14997057
14996682
14976058
14972737
14955687
14955250
14940351
29844205
29835957
29822240
59471102
59451827
59449473
59437381
59363422
14839219
59336753
59260269
59247880
29609325
29595908
59063524
59021850
7375482
58967612
58967597
58964413
58961995
58951739
58920411
58909026
58908677
58907624
58882699
58879607
58861099
58851476
58849145
7355268
58821211
3675240
58802730
58797927
29381042
58718314
58549673
58546600
58533740
58532708
58532491
58532173
58522474
14615661
58451599
58423124
58418114
14602161
14600215
29164506
58087908
58087182
28991904
57889710
28929317
57848020
57793341
57535756
57535290
57532878
57447077
57349045
56908509
56708288
28338065
56504977
28115098
28099014
56011528
55957875
27964922
6971727
27870640
27865729
27784080
13891391
27723406
27626937
55164233
55158637
55151458
13773927
27532942
27529911
13762919
55035479
27505873
27504255
54984035
54971837
27474397
54895641
54826341
54812173
54807069
13695076
54775893
54773652
54766112
54742298
54730415
54724029
54593280
54593258
27280186
54486318
27212744
54425070
13599611
54241701
54207958
54200226
27092454
54161459
54137127
54134654
54077270
54067892
53977909
53839951
53782085
26872500
26870552
26838089
53674175
3349106
13390318
3322170
53139164
3319976
