10000

8526548
63335771
38225302
36792300
68921789
59031947
30450576
4448548
51248825
58529487
57654795
57647659
51098844
5130928
46413560
70205337
49828709
40835481
50555178
11678899
47868523
14775492
15236162
21016961
64663898
19529482
18400715
51248852
69756302
38264883
26096827
36305901
21242256
29283425
59581881
68479819
19527502
17329109
66120052
70387822
10337262
62785469
37194844
67795749
37152407
74476757
46461709
31567464
31742796
75715755
74960898
46851052
68747138
21261098
25974119
54531891
37562503
16683287
26748209
28939585
33478339
49414234
18018769
66662948
30077816
46383860
25103256
54746325
33545531
45179222
67836516
19450185
68927395
20496866
14944069
40038442
60182386
41532445
34932112
62331893
32012749
68240193
37487091
35054604
51728842
13642232
24306819
76235999
11345118
40200269
68551167
36693902
32019664
2576290
39169724
68461116
29564875
10536346
50383362
48513980
21256475
25838042
10809122
66352432
3717691
35038874
46408822
22054457
14837579
15400267
46983104
62145479
63805704
25016827
32347397
13388991
63659860
40200622
56467750
40029679
63659271
4259951
6873845
37544001
11911045
56868404
4249318
4858206
51063517
62609051
11843682
8558318
62458585
58529065
31839929
18288579
32702174
53985417
66254279
36600786
26743330
57544059
54965822
4249603
63562716
8227242
57320475
69184913
66032925
68543290
61658231
31595910
58226499
70942945
24757700
27395340
71872732
18465643
17123860
63346737
2997921
45951089
22712955
10330740
15041987
65450640
41765507
71849066
46015121
38713332
67471188
52086640
34655548
15398799
74392918
20524253
61902162
55569877
33682234
48366716
54029571
45190338
41503023
22976153
42094567
26433130
38260984
15809958
59987535
38228757
27696415
68401357
41266900
62578038
32629398
53070247
37035887
13375220
68461813
13391186
48788730
66077576
46298608
2442919
44473617
5241963
51889756
20164665
33764843
19014233
70783829
60052326
47725433
43662530
63151575
3527040
36598503
63552854
65407853
5664336
12033053
10648928
65379364
33682233
30081682
28968631
15625493
76680280
10356241
8133580
42762757
33239954
52390736
55341653
6291914
17119548
35390869
13159084
72299583
8602373
68717574
14522103
19256588
11760552
68911387
55173543
70269460
35281856
38286241
41317694
39989155
63252344
69470539
64315022
36365254
10891245
57941317
37142101
45634975
15795716
38810423
58218261
11751537
15693175
65391772
16562704
40078803
10787281
37543306
4705644
21809216
72356670
12616669
47359679
15411275
33474671
45459768
72751427
12495660
3051838
3248528
5705357
38655187
75633545
70784353
107907307
12393263
58803243
67800186
61941614
14727470
76412081
73423271
31662755
22972807
15935396
47381390
14549572
64261247
36774443
45884169
54720788
72758690
20506807
27627531
34820566
7428881
47966803
67452851
38252452
3379105
11255743
41852918
42077661
5518085
72470615
26032664
65401920
56032276
271299
41320831
71437482
36716726
41290020
48898963
45926457
4207330
68009376
40362725
66102488
41197085
48109697
23887368
47353590
21966410
23386403
62349998
31791262
47392528
40282739
32355708
67500021
32628902
70931348
12499155
54866232
47947509
50600768
41187192
4698319
65403155
62599981
21397034
12392632
66315540
44434749
47972901
103718927
74636496
71830674
46847770
20098104
30155911
16578234
2160263
45028220
17882747
4656950
58210156
47400672
15634548
4846983
66360298
59315383
67768601
22063498
55551421
63252728
70992831
47293635
35583346
32500136
68099030
50165644
48594137
15651756
32011562
35030510
4652009
75671978
40056979
71505538
9195000
8860577
56114185
71528788
48121186
60215148
29525780
34922029
42754275
6032654
72559883
70753131
67531665
69028662
1063877
15907639
64154537
13374245
36657917
3912498
10623875
13475019
50759567
46717343
36998638
27435958
33400488
14541497
5211976
976677
45790682
22051056
68567240
36344277
30942322
8544854
18160915
14862366
40960756
18281382
22138693
66206835
29312721
1354883
65353699
61704234
22749082
37660262
15560964
32080073
16624316
703558
54470301
6859162
3404539
66512013
7702420
58327915
27580656
59788704
1208254
67538197
30017347
22986231
15132699
8579009
13080516
56850783
19034175
42189048
45958053
8555933
221628
32854744
41311389
57699213
66601310
60563497
57273319
8603365
45903278
65447942
71093769
68479619
46746559
32755493
33254930
38932864
37638790
36338313
4690614
29424266
19660020
50581620
37145097
4830634
65434857
8597437
29564758
8603187
66108262
27083997
73677607
58989947
13371286
18992314
6835189
68145622
33962136
14506188
47806945
14882348
44723519
6313491
20221807
10795164
45045464
39962997
42505794
45998480
65876055
12557392
40547780
66005194
57868833
10548547
7939159
36561912
19040254
54706738
3896107
66069788
2948268
58785141
35787409
60752692
54763975
37139614
50562617
31205721
51073996
4302024
5415400
66702260
4082804
66096379
30598429
5617830
56689778
15143528
6030635
9306607
70764610
48097491
32833747
68433017
56379364
61440342
12143263
65501724
11721980
35060262
32338504
41346053
5922728
29379417
45019877
51500619
62691374
24965461
11768202
41196029
54031518
15527515
27458186
41576003
37062248
61416853
12112613
2675324
66447533
16914720
7302543
14605403
42078059
18403445
34129691
14491897
44402210
67841390
25892659
32378613
24785542
35500271
38826486
28329001
69828610
11349985
72157568
80802055
50567587
57302575
37295296
17376771
56402098
38337251
81500595
5785522
42607320
13441646
12116317
33663273
58220194
53603026
12134464
10655642
19029512
47691238
46094614
59655675
5513726
47725953
68937110
22638917
19328535
18619037
53669389
75348409
66708357
58569700
54000062
64075255
73427668
72145558
47959797
16577767
64525401
51770487
19445944
30739833
35462507
72800153
67470761
104942918
20828330
45972750
43298097
14541267
9152207
62578492
24177560
14653978
18363581
1990903
68427305
58061861
33981860
28314535
54168458
58978322
10689815
33811544
4453393
22578277
75889078
31773394
14128546
46020392
23182733
71432628
107001966
29944259
67448166
47039814
75921487
28946611
72863531
25928357
58851766
5608909
50390452
41492170
65271809
45977455
32458330
37549197
4530014
10535647
2080355
32157589
47177125
51601078
11372960
4656394
18443757
75795326
68162498
65414388
46375661
76685690
3234556
59539361
38264330
54465721
49689235
32864948
42427313
19389954
42571492
59897571
23830118
19555422
59438780
18162588
8807426
39983867
4473363
36117999
3696668
27124756
32193733
4810866
3589827
19150526
13650953
52574201
73266796
47375478
12769883
23240877
8842355
63252965
14775517
10703258
54058149
12113739
60851511
18892009
3642061
4198471
13707845
32644067
20364435
19451911
16261292
64515889
60052075
57910831
27584544
47145843
47011627
47010696
41562985
2472464
18647229
9203025
67319883
57374704
9167044
21728702
3224423
4506362
12440947
14998513
35727917
4698938
41341177
39955052
46801852
37727475
58895051
13207567
21116984
26941658
3916780
93920495
62173272
1604955
39994477
54768442
9179501
64921985
69542155
35426996
25164321
58922618
18183380
28196061
4513930
32041747
13194988
56313475
64196408
37687621
13310630
14758278
6831947
56668579
42078612
3401329
12560708
31823143
67289179
16712793
23053242
15391414
11209590
16639867
18475044
20923286
59053995
68134658
46445361
17228981
52924545
58236659
18160586
34690739
52979715
1958291
36345676
4721871
31560618
100477701
67682282
63796953
46027929
74021242
47871064
68582357
29547686
36309102
4077663
19046468
13767408
9196485
62176168
14892816
18160135
47610017
75517919
32136582
46381195
5248297
97459633
32327226
73154449
4972133
20562757
22586165
3634384
53870126
92052297
609559
1280659
46393905
32068325
57844577
35311440
65552260
22954303
26168277
39001561
19426280
21473143
32625421
54081493
66695417
60188242
103036209
31186775
3089333
10514910
64478977
20286956
42033650
53630946
24488956
67166261
63562941
15949220
52316907
15055310
25103602
7622278
58922248
72585033
31996335
5124348
67823107
18537724
15106179
4794543
10280401
8525337
27696416
53915748
35255071
24880692
46848029
36636266
47330947
50412638
3565383
24294789
48208507
21744936
43819379
70430836
4253279
10777586
30388754
50615261
45446915
59110423
57004166
14451601
71576544
76209050
65558794
63360258
16659416
58948109
15105418
59737420
58800747
28018189
52255871
3936518
62132056
50005535
11989924
21133338
46254274
19314785
34248053
54768575
12193551
40484012
70262246
13483386
14464328
1726240
13482909
6072628
32546277
12128842
30238266
29375428
34612673
34928327
36322191
68564164
68636083
39955324
50712826
45828955
4159503
6961852
50949293
20715083
37195987
18551085
43410297
8624470
23589378
56795760
59286071
4193228
614405
11863674
36605070
67515498
62928172
32070421
3225429
25438164
32740398
59769410
22317638
63880525
25093399
49642609
59029064
45617205
62655964
5495185
3380138
15414093
15042545
36326808
19427014
22220780
49600596
38741079
65797906
40501942
62371321
69897383
15746489
3717824
71020221
93931244
18738647
104253964
56537546
60448033
62352113
65103570
22964886
30388856
32186514
406675
41015803
41233795
47666162
4736482
47816713
41766921
59050898
7691368
58980040
24518313
59721579
73668220
36701215
53074041
15526338
30037394
25091317
14642110
11682345
67872521
61909611
18540533
17659449
31681083
56630630
34012089
26328845
8516031
68403223
21338525
50296634
36375427
72460499
24635657
7593374
64549388
51093554
72369980
34305733
42997639
39998104
34511842
5270675
15108456
13413772
36631008
42095170
28787566
66288733
57909308
12246140
11684166
14858876
9458526
35646893
36631134
12318411
59033632
35281141
63787345
63570365
71457373
37522674
9147991
67437907
46751355
68990430
68103199
23225974
45887857
41719003
2734787
70644568
50632373
25965794
50623019
35797937
26249043
50982191
53777178
50800987
20833078
57930382
54827185
321502
63433206
29004567
70455958
17567901
51102270
49032109
30786169
46439898
18085412
31538435
46003335
46846986
10651803
30247269
27456801
69467803
3391704
4722203
52771492
54471880
61757201
34529877
48454388
66186967
10777853
24449473
63159149
16776691
15741852
32683015
40577557
37508359
52704075
62461498
40438991
18552632
66652920
23211927
56822250
25917271
35048462
68479014
70586909
16387710
15937830
36053683
16957248
50017019
75289089
65104785
65452746
7905624
41195763
63028222
15045059
55057780
20803085
69824511
48803106
62035114
27577441
41683459
35046858
58342351
32187292
22762297
53033090
2135294
77275842
31570724
54042114
66456156
25013819
17454663
14856295
11993905
31011002
47981559
15527553
25447388
37646155
46195570
68655012
42426729
62607903
11095737
65805550
44810747
10781924
30807261
14936907
32477029
35752902
48426232
16543033
56561597
55168680
12136235
34029945
28105026
36176927
18321712
2313727
53239186
62243524
1715737
60606191
43344237
68483559
31932852
60028205
27659967
50776482
60981992
37539975
32905823
71128242
30235026
49584711
69574932
62900644
11373174
43650816
46826083
50367709
12080316
17380401
34574008
54825033
47357907
18493102
23397975
4413042
62954298
14842096
35978469
18412631
25290550
58342923
7394928
45982988
13227250
57347086
27554288
70780362
41298503
65682199
27699244
4806925
12210476
33491121
25081916
62831223
25156531
29895211
62519951
57650241
33411386
34129868
71538854
61987836
10924009
22223606
6184303
46561018
5930607
6844875
22070553
18545591
67340127
64703006
42364979
5080108
65031799
54327831
36322914
15775316
34156941
63559745
16612956
28322445
40071910
58300717
23675871
45947224
57936204
14560554
26947767
68123717
2776818
68580651
75070263
13726965
30068305
4233080
54197135
21177769
13478611
11840210
5444189
33209852
39994112
510837
7655348
21777333
72822272
66208705
3000087
62181641
21134016
2086660
54093324
31460565
53827141
49890916
49681504
4247725
7843083
3945414
17773193
36392557
31833640
54869748
18741412
9482899
32867598
29974805
43530279
15947226
18961261
41173343
65559107
8465816
35251097
61720372
40359582
39895588
35541820
2766476
19615363
8752801
40038030
43846930
59076001
46549022
28714304
2481787
70420909
13709308
46990404
44399829
68698717
24381501
41974360
9644082
38299519
37899686
17097151
19252488
58987783
18501313
69579286
33574218
70209146
46926664
72852822
46842383
30373552
3327052
72224835
43925197
30871547
375326
45034712
42461241
41315051
27689834
33229356
41848866
72377539
58416291
38644648
54079193
56340182
72463495
53340767
9554246
64108036
3504935
50589403
595900
59612099
903658
51302938
74700798
67497315
40970609
25355243
16175258
67608995
70730760
29402804
48133542
19058973
65800741
46842635
51232531
3035902
42588363
4139312
55600585
57530602
15108698
3008208
46273465
51088159
74816659
54199145
56278576
29404400
49632036
4363750
66250748
45954659
56390822
50223422
60477023
68104278
33791443
20803276
53874396
63368926
4235842
12506493
6299289
19444859
19289833
8608411
66137824
65413261
48390522
60129002
37124157
8576879
105849917
94179633
61905960
37195359
29218160
68009406
10619782
67323045
58943211
18773327
5067339
32458476
6070770
32512204
40775191
38646465
56553810
24381445
32461374
12106444
1998160
71968360
19683064
29304897
31062568
29350912
34999331
19336772
61740652
14986399
21297159
26901364
48572081
100568582
23387348
32329319
16014467
5743420
61806231
3719327
52876934
19290226
37154031
34702225
65239881
57940706
31502796
68922721
7645616
49093183
69784183
39834576
68934098
28435142
26092334
36324958
57945297
13366929
22805204
41614539
75058301
47198071
270948
59959788
107980359
59530641
41075706
59895873
71296379
19090049
67470162
11755671
36428818
11342350
47475017
37004061
63363829
50988721
96532494
77181367
74165354
6840808
47650569
62605877
40956947
104786936
275739
51965217
370579
54051389
72745266
29990115
11723192
37023798
45743681
58848982
29352572
77224437
70260005
58017485
10005758
13281127
18312622
12163757
17788896
58473243
54711840
39770023
5169661
68396533
72180558
31899058
34669980
2876464
7498930
57555955
21418270
41188196
69595063
66166172
25036415
54001276
46743076
13131659
41361251
18328568
24247028
25427604
13080500
13387367
45968223
50540429
28557435
67796493
50545179
29377239
12505113
17668025
31563791
11255440
31581298
38309204
64247848
40000179
29225871
68168379
37129247
12289905
56990473
5924024
33821722
47880547
37194722
23015757
13547175
12614611
4612098
67496779
3431419
10590089
46925664
63995027
17827149
68445917
42636453
2669406
40358221
10556100
56231103
18315500
2941218
31739908
44420789
45691095
63209492
40122095
57760930
51856400
70395042
65358370
50989481
10552993
34996258
6047337
32727830
40618422
38854729
57259186
54125728
3721218
54797429
7394646
18638969
15139429
73007213
20825565
57932728
42439222
32035721
32014802
62645081
60628131
34745856
58780889
34601699
4562981
64915193
2668787
73419154
5814483
58898658
24420916
23399246
52235475
27951154
31835532
40077366
24318259
31849613
32758255
22991866
24249702
64840751
35076878
37149205
10932258
391760
47553013
69491544
10390666
26132021
33724470
12021766
13105035
68229455
57236214
60508996
4080980
60276079
20928840
75873680
33485283
37707892
32198844
48060518
32661212
12093245
20127175
72832165
5509139
34236777
62584318
12015906
9212478
52857736
35338801
35330444
35410315
33477405
17427938
28555630
33239616
46777828
36254507
14758322
56442931
33574350
7391052
5488381
29950800
61028645
56419697
6003334
46420551
21175197
10503321
26730904
24766510
15649769
47860432
4531632
56687803
34135275
63959617
60660120
38272568
23196315
46396655
3324418
7302977
10538671
4810194
39124586
36379343
32471087
25897616
63373130
60792083
43741256
34035057
11986058
29497392
26244822
12093215
34098905
67674704
32079737
45755612
13532276
33226644
7002624
1995702
59003048
59626720
16617551
58438854
67762493
5247372
56313844
65337489
11278445
45823676
45250408
10717634
60015607
65550248
32185011
48162505
43214816
64871416
12978614
30438429
4859252
72487287
57696302
52762390
50384953
23241176
42779317
67821458
39984737
53185829
13638611
23338232
68439523
73675603
29728657
80485
12638804
15391926
94347983
50762532
84236168
2944393
70756229
58495795
29516164
47534391
65372371
6972882
65402108
19823169
7881316
8523020
100204434
53908025
54052669
33233771
50568086
14635829
13655238
33501023
20550268
32365220
11332695
8574163
45774874
13938578
42253982
37764504
68193304
4139113
43818851
40627194
11385769
41312374
3620670
63126586
70405661
7645116
10776445
47386689
32096537
47749713
46737113
50166093
16457916
10773782
65336392
72234742
18311136
40196301
28012265
15384302
28201535
39989781
58184055
72458927
60201926
91702216
63339205
18961224
64557144
19487705
44781317
33235837
76341448
13377674
50375745
48180329
21272849
32236430
40833180
13378088
41328925
18526818
8392668
63433983
14599800
30562347
3451779
15400032
2998704
46021162
20318876
59015142
8629524
51294465
9381812
15622100
4139117
46240078
32634706
59272834
73556452
12498986
14669529
33855271
23269035
21124497
13429847
35615097
12064692
88505931
17310862
57916743
46770994
18472032
48446844
69301003
10426495
7507653
54779478
8093775
7216776
46748575
29984122
45989206
18478775
37257370
46781465
68776123
67542120
15012797
16386173
59009887
32575390
8772184
54081722
19096844
46672152
25552072
12040779
8271699
36657477
68740316
16711600
70952570
67945023
27417402
12093931
64327041
18155944
19515064
8969425
17241136
42437039
18020908
42062522
14666238
4754683
17940663
4660366
33229108
2948131
69662066
26750079
5973355
29647343
4354281
15790519
10792919
65480540
43063537
56355555
57515830
18540125
47825272
5477721
29938083
12081780
18579478
23821530
14605633
64079121
58828070
29930568
28668448
41970239
37515356
62145060
30297680
50378612
24757870
33339
36709297
3831373
70729423
22589810
70796370
15023697
36929404
4343425
54728379
47718591
39956947
45956240
10197792
14891508
16578887
215832
69096709
70728032
51263344
48947548
3785106
57726206
13133760
88453926
48442378
58980312
69457916
47946910
15646024
32262670
19776451
21773756
12068542
67087070
4320253
22636850
12230139
42607476
47777017
59027817
35696428
32636450
58908006
7902862
10577217
19131769
32172584
58843064
24462086
36269723
14821931
62656715
15951661
46842059
50389105
18959925
64646181
8670813
72817760
19079317
17388911
27380658
73556411
838035
46797366
329137
4651356
13384966
20513589
5627455
4905226
54723864
12710479
41781448
16447320
6962283
24151270
46260249
29646396
57820094
42438759
70937932
108970357
3199771
30125063
37274936
60023939
39899803
6139196
68215281
4177232
25380824
53986095
49823895
12092149
41348155
23247203
12801047
35527739
43062194
59291137
13550478
53208941
55208716
15122633
56274235
67314446
34470209
46090809
64089626
4551015
18510321
74618854
61413152
31794349
56551680
74862029
11675490
45931945
33654967
10336096
54255336
27317842
67341369
41013749
12580103
24263063
34108076
14969272
48152535
2699845
15351345
26398149
49568497
48530828
5187178
18987834
15952399
39600945
29518042
43055854
22781456
29686946
6535351
189586
3314679
19425684
36767202
44374159
68480053
42415082
21760737
39762984
8048476
28954276
5127776
66350157
38250941
9529973
19014590
33639918
52886262
51817717
70743534
58907838
56352776
62603377
523282
65525157
33972917
64122467
654847
54699958
33572857
31057184
59554326
63019800
36351791
12506013
54344183
68136833
42393750
45913957
37166400
58703185
18359366
13032046
4788546
2656386
12577661
43460461
9378407
12095359
62716209
68783085
28592844
12184299
67824437
5127505
53672943
32134577
67087214
16887164
30565439
34670309
67821226
47104432
54998455
23632777
15352128
25144692
27118627
13384710
46877558
5133779
11115350
41256518
12100151
7864610
19041657
36041484
46003130
30055900
54298540
18502512
67960079
7384732
38913228
53162483
47666698
6592708
32641092
48422814
7518605
31843593
43246658
78587972
2724987
37077838
40178931
53070699
29996752
47756339
32547066
56758328
67640565
69557401
7643726
66120891
53662313
5351805
11106884
24640262
62125848
36324557
41332857
20743763
68551953
58544516
56277902
50209951
51101719
6693764
54262049
82872693
73064991
66478528
26733832
68213277
7640675
54175537
25101732
12260768
53251270
48149970
4745401
26638209
19840379
69653270
68066066
14951946
68378391
9575352
31556279
47734697
14873482
41333250
42426372
4188694
19455236
12024610
45626864
32644785
36481544
45645779
36605943
18533570
21158489
46019794
14540389
13488648
32197407
46783098
40588995
10883742
24825383
66642207
42396076
32651241
8651414
60068780
29437199
74960814
26743250
2910096
10557935
71113879
16678248
23201437
49886793
23044398
45991890
14870940
46850847
69331085
33964154
41746552
47974219
40829095
22006038
17522180
41855560
13383473
20930267
23859717
35050261
22991538
46397976
75866335
5767501
65517796
57520420
47767685
8706934
54334358
40411879
65374560
18772304
14581920
29654738
18266775
36618937
33630102
48087018
9716412
46875128
12078867
45260526
64518504
62305529
4189712
11349657
10077873
15032494
18196771
60320698
70915881
72781526
18159197
77322975
45791603
71580681
5183568
68932425
39242819
29235783
72768358
8611760
4563221
18741437
42520379
18458468
53872387
46164570
32176746
22578437
68906258
46433757
44475435
45252307
4212786
51800384
62694389
32668502
58633245
33923111
25290501
99914719
60333535
47704622
66113785
1996336
31977829
1231743
65494306
43444003
6411566
31577021
60383203
37428891
33429284
321967
66336345
60747995
34992562
33916961
36220014
56223377
69607443
46020753
29639382
18479245
75317760
17599432
7670048
75786478
11830901
26967593
8550519
33832041
46497174
36374371
57852549
27831739
24529032
57564566
25047027
59471247
33848172
11861353
23205197
32779321
30604651
38731161
23050992
69437205
99918531
22925493
36312570
12127284
58800605
63659924
13628471
59014866
65829993
65519800
50413757
65371560
71112632
12209520
14547064
18527672
15911695
49627740
30155915
46022993
30153027
17133656
29603003
61552420
40034763
75871889
20543262
6963146
36687158
54873841
62891148
48304194
46362876
10537706
15938847
15708417
21163287
54723861
16555354
21414368
56729859
55376434
56543487
2260700
9367818
1730724
34334938
49564759
48957412
10872353
15405203
6313451
5731112
58743208
83038209
15466331
17852638
32012071
18292102
13735627
31522051
60033609
65411060
50375990
18048072
13403148
40072360
71071311
46134188
32563540
21243351
32358733
30366278
31661052
62889323
19172128
59016274
63836679
53655636
2372465
40280620
45972161
70489668
12778669
36328867
15911128
3907656
13647152
57260488
16647587
18868073
33638104
2930170
14687103
46442036
40109611
49424145
86065437
18390813
34146955
65775035
38273705
2950282
15083188
40523834
19254500
27407441
9260216
353770
19397540
47933152
60332714
68439666
4169567
36969228
31798944
19571113
37633493
28928627
51297763
16582576
4393997
32529272
5731436
22663051
3719969
68010764
30448898
45926576
72773459
64869742
49558778
40971742
16386146
66652582
67926112
19331528
58560042
6830089
70817544
26947242
58207792
68443766
32803605
46028383
21399624
71444807
26817769
29017669
54470587
71007256
54200347
3315914
32430361
69777198
13214032
36842022
12700543
27403520
31202932
43156594
19762718
64942277
67306753
37277271
57764805
13137611
70797051
47683257
50224465
16574622
64503127
34171136
5219273
6926063
71847133
13393181
57679342
42793404
68932656
16700354
15038934
39990766
39961166
54050828
65281947
38650618
32090847
42144138
65270692
67611206
31843381
15394900
58860684
40053686
107251237
33968236
29639459
25077403
3239224
47289571
51793778
46267006
17804129
7677942
30164697
23209677
59133793
20963401
37508261
53673788
28320484
67617241
56800876
32928995
12139637
66151567
21936662
9400279
66731460
18766660
6692745
58557830
43271383
46659917
33961956
36307874
34996250
43278334
59344747
16323296
56576855
11036954
47694008
50987988
26469526
47379745
41346173
72856881
6282047
32456369
31901044
34924515
36607284
32292505
4182325
47972758
72851686
33852149
13628155
31933057
35718958
44737072
69484649
46013331
14816906
60559501
4236755
65430034
34661804
25870464
28444514
40292041
26840406
15052910
68977715
39098464
34978817
46033998
34429867
49813495
60065023
35216124
47763063
19301803
12994247
3074581
39169701
54879509
51265241
53106780
31152234
36526838
32802178
54222447
68407308
43128770
5192729
10524251
42139101
37206671
36410621
42079044
47843168
10536655
107301601
28655162
29709127
4471841
57862923
59389840
38642206
36364608
32858870
36053908
15012558
19042001
76838770
35250970
7309022
33896151
48973742
69193559
12084509
46662792
74609330
36325894
65861157
39107651
47829942
85191966
24312080
66010106
85130956
11143183
99915875
46249274
36108703
18823478
55377612
65427986
62246981
2677717
34224800
47787958
36420993
66351180
59066330
27572238
54723820
17531355
2783215
9216977
4258720
3281852
32184493
31787180
58207397
48392694
2687887
12236522
68579961
11673452
48220971
22221183
56380744
45017242
19682574
22030958
47694177
2805463
57075415
46020837
98903758
12835548
25164644
8466319
47969775
38783118
36489920
31792821
58900367
7179850
63371291
33938458
14970158
18743621
65686902
50990008
13045344
4954473
62144800
81353207
37621639
32211321
4176500
65257544
37967228
14595346
57929243
46062905
13125534
46379324
5711593
59020235
10353115
18685477
68988219
37772245
43350248
34667312
68591690
82169154
99929958
22384651
32672341
32281458
15388116
42509195
39062271
66040719
68710792
26341479
42702288
18876222
47612124
33477036
13204096
55289444
36607701
18944762
30574527
42675195
3394147
59387643
4135339
58927338
30342822
41319752
66156036
24665262
31147824
13400663
11909251
19536651
14966549
25141847
39838087
24411889
60060364
10154402
4222700
63263265
66083049
29413624
19290204
19413421
18967593
15605331
34966386
32453793
36310818
70929164
72560035
15624031
47944218
19935877
19005240
11293848
8569090
56734257
31773623
47703303
412592
8980531
32642515
18477209
66200278
20937227
39955528
17655159
36498628
32541934
46403039
23704056
68343644
60223113
56328397
4727654
53664306
4665276
32699145
32647803
3740719
62921969
65499554
24400195
57300809
18474513
2927768
3285041
36717524
40354374
10361710
65388568
6027118
32401032
9118835
233068
10098500
38272198
37206476
34470247
197447
32786468
66215463
14663172
48494754
18526858
52164574
20937125
28116727
65747787
65119977
40075565
45342690
49681350
11933618
15898393
37270804
71903585
53159581
1717870
70421067
31558032
27014778
47826721
4425997
56362622
57268811
48921557
84088503
45250258
12241367
15907491
83293759
69851794
73144377
23649214
17903605
22996420
4676058
10621546
47741422
72570008
58823350
15719664
41763016
67467660
52917439
29278098
54146109
14718801
36444507
21506458
2682052
63440507
258863
45752534
65534356
2089873
55164611
77008162
37289662
35061733
11090039
75369647
58624318
1055942
72267673
52332430
39912142
44901131
75664090
37635520
40082412
48027567
13128606
4148693
64692250
47300152
32006620
47477972
15345019
595913
5962217
68988207
12603857
5589276
68642323
18165446
59442702
45637908
1884858
27047534
3672760
31488810
66099181
43695884
4366227
66366814
6137283
43447416
75809125
18490742
62649734
77350950
18260158
65103887
40516435
64320172
15133925
13629697
22054120
67602448
30945095
18405906
22992206
66101760
41348500
47679449
33881443
56523243
72654373
55546385
62655852
65508428
65500249
33871308
61938524
52560718
51433429
29816446
30530802
39891139
65251874
10785752
46463756
22219363
54595853
21106305
14872728
50389330
36581724
31862165
32015932
13126643
11753577
3016746
32735879
41328455
42584118
6072102
60096297
24017518
48461072
51726609
12085834
33979493
47778818
15027666
26135283
42850508
51038814
10349842
23158693
19464958
72668470
23239785
67761377
46157730
74958712
33857156
2952356
75958576
56277598
4460475
50423781
5979280
68779636
18025746
32667145
2892279
25354040
32350983
44707823
25351816
65068395
59633772
53984980
13382339
50400524
61942264
15060187
8225893
49597375
75252816
12264623
8754822
27464477
45067912
59949333
51046733
31922427
41765553
4178049
4138315
22059669
18770946
26904221
45049458
26376794
68711683
49699968
16580286
42654329
10792455
52476433
40417388
54126780
19084266
70920495
64906818
11679808
5444121
54413186
18792183
66348362
63736019
57543987
13386029
31842773
5731433
64888339
3317162
45982081
28764240
48527158
46127525
75807024
16702990
65438312
58531875
22742645
70996640
33795943
72435568
45309106
49206741
10777265
40999441
34939725
62091722
68842882
8403761
54789996
63807224
35041190
70785195
31661513
35047700
14699860
68123448
68664519
4029801
51106112
5424690
23498067
57885506
25173188
32291702
55594937
54022050
15645370
194682
69411836
31898638
21295982
4991812
25441993
67467525
4601241
66040454
69611030
30730444
50491636
40921742
60038312
47316541
41197494
53993010
30290136
49544622
70400503
17227660
54272068
30187587
65104494
71559687
4346696
34250664
56551746
33559275
67469276
4340732
47813147
61394049
56298817
36602209
63332738
22993101
28939157
94838681
46134957
5739198
70268574
189075
47717189
31652050
3325438
28208191
7520679
31810286
48854565
48882712
8765171
30600731
58851546
44426047
40079869
15703300
78602236
22100265
30669420
58602459
10649472
28869160
48925266
3486262
58967297
15053726
12914517
53571491
45669959
64196960
75179773
42088430
3277556
36323174
7120429
51381107
71524430
18602533
22243258
56235323
34676004
15322026
72465387
37166566
15036954
50014998
19048707
20108798
45506456
45298550
26984631
59421510
3392868
54871512
14997254
48253655
11202079
8519808
1996566
3842651
40577450
70969371
54130779
18345647
4215012
43473937
19866578
65493474
54088123
57676424
39621586
18277005
3584254
42706472
75355498
48354136
43698746
30809688
47875846
46784332
54532711
45715028
45664992
42078354
41846885
50371408
45127921
37103487
26935426
9340959
18466239
13985905
61937608
62654474
58549470
41343382
4697977
25234179
36651193
55038018
63563674
24862758
9621603
56562229
65592096
47507652
38230004
52508443
47718955
33966280
3723199
53628651
66102878
35284400
29642258
67529110
72838268
12771601
19487722
66860077
11677025
26133873
33636013
16361129
59843337
12545017
70575439
59046502
58940774
35697435
51026687
63322675
55652207
2696538
34141240
52827427
41276105
2136207
51512016
11381798
11290118
55862678
56390997
15151019
65266690
73823468
59020732
64883247
65170880
30777080
47013321
22112397
2892326
48433204
43158989
2009641
36651472
47373955
22623385
29393747
61967311
28341045
70472068
49802179
30607453
37251079
33972851
63028103
52767236
45948337
36970181
59839449
48180604
64317197
16222090
15159863
62111822
27122265
66191304
43550296
68511706
3720455
64886675
45070742
7134287
65260325
73562598
69869390
21465445
49990740
47655986
37462214
19506268
48944706
32815587
19168244
37022795
557745
28961176
87562519
76741495
63546215
46078634
137734
42551780
68727474
58205069
13118014
31830091
54810154
58306199
32131562
36593118
45999701
46420046
13935837
63325849
52435259
30727877
68950618
33675679
51636675
44805471
11976135
10758870
749222
29874876
12074602
1909363
58569130
58532001
3578512
30421668
30786033
10917606
36108202
16577843
45670590
70271237
35767617
8145475
42551936
66081033
2689983
41524027
36894781
71549833
28373836
65412457
53588901
57935475
26917539
39628243
68714613
34111561
13346916
66467925
30151462
76412534
8420633
33782132
46157468
30367819
41993826
8647341
54068910
35753045
58835278
37797174
13091100
64627836
31554166
36657133
34889273
68715411
30809972
32249360
47941408
41828176
3732813
31183600
63431298
46383776
54863464
8517344
16230049
47374345
5574525
36414215
61721280
36706077
14780819
65679368
59983015
38147469
58877246
41932180
101923202
11332042
35068553
33223580
2401776
21777271
72160004
59423659
25198899
4470132
16295783
50605681
73585024
21872534
18681604
19021922
10396211
71322317
57376120
40482081
23925586
20763028
47689146
20917783
36596512
33937329
4136625
75177907
2768153
48928678
23891402
5231747
23610839
59830233
64036481
14843585
38653024
8853307
64892243
8843240
32515974
3959537
24279887
74942538
16275405
9676983
60271511
8621783
4207054
9446993
76734905
32665947
46133957
56690103
40020903
33216527
32775407
41201967
12134495
34158892
32194261
58991211
40320439
54778033
18013060
12103096
73950429
9473276
31529166
43565538
8594269
15596647
2955460
56216240
68924326
50848083
45994118
41315290
70762228
23298640
18726202
36652456
66084989
47868601
15346464
36322574
66090268
54399931
50012476
13802045
54022716
62346241
26359426
51203501
57511530
12037979
21330272
46434742
72715692
10326094
59586107
43528999
75838422
4048256
45818523
65805579
59931994
64049567
10873757
35275087
58940232
71071879
16254268
19426428
15445585
21400055
35539150
69834149
38689214
61406659
59970212
47385795
53553108
54021778
1256933
35371114
35044851
8579062
56094904
17089825
33222520
45219604
7684189
60013552
13831724
46580254
40846033
71447389
31599066
30729532
29305138
104932623
62177110
45961420
17113176
42739643
29942024
106742127
12202941
15602779
36596396
68633881
29637146
42566828
5611017
6871090
7917191
23724306
10372698
92871809
62361401
28783541
12494833
50225724
9146293
59012883
62921503
32865929
293634
46019796
62091694
53658447
19341694
58821144
34658077
39765431
37331884
86259227
7693946
7654654
40013217
61536249
30015548
35613758
17341311
20972176
2754036
6879984
7637219
62496524
18956568
65523957
77291743
57473174
68773992
70838144
41851044
60573883
29592487
22919261
38981876
71972928
5997094
48923355
69486359
81807060
25422671
51406352
30362243
49570110
32573283
26883669
6117501
58182189
23193638
34919776
40445254
8618747
8608607
3313025
10859719
15642473
34982462
16957795
58515144
21352825
16600178
3149524
12418016
54194933
58447342
12161524
46031941
44707669
26821963
32542199
65355522
22382913
9680247
40617962
7181048
26443682
66566859
3311543
13646507
40448092
46944208
67601819
19785882
55102913
4063155
46409772
22050024
64888304
47829061
56597796
33775560
36333878
24259125
43519865
60918369
45186504
58468532
2979054
20612928
11391804
39222041
35048333
17483724
23371579
30642668
16435101
54842310
5571072
40996783
36790358
40480290
12484806
57872776
30691059
13468387
58623596
54149164
66483513
45429085
29202431
46653769
32031013
29216712
34152633
20319331
64627916
52818982
46567960
22130830
57089358
54157153
621792
47188665
72463886
41335337
59139848
45097867
44959315
30486732
22319444
27564335
32852632
46067985
32038023
18664401
4959847
5458709
32797690
61048649
5329921
40238722
37734938
68933697
49820683
41195116
30286699
43746169
62619281
45406259
54998015
68784579
32071814
69553172
34121472
26755497
14951822
33737916
3707059
66097938
3733224
4135880
16154669
32879368
27832666
18545746
13676803
75237915
23892311
45760483
32615957
14599183
8649341
51805866
37516210
72228029
4495584
58461368
24414779
32077016
7438604
52265202
65332406
13174086
14613165
10668842
34577404
34713236
45897687
29163400
22949939
67774494
65346698
37265606
13526340
62091969
12376998
43068049
75894174
45253602
62523284
41189124
41089200
23390347
7129534
76429930
68921681
67469837
43181751
10921807
65172427
50177596
18366268
56833732
3725500
52393368
60797305
32871698
12061150
63982207
24451271
29209099
22400888
30165871
36400403
35039381
34589034
8649699
33047589
14966189
13477561
8619647
15350683
33856308
24046841
36909678
16957292
34974365
58864359
28566592
12426426
37676687
45400381
9429255
19335115
71288081
3734777
43476429
58783533
33904044
4696936
935042
18897554
33346067
3134982
34189810
48321041
5912418
32240404
4549047
32201634
46782018
104951216
62767491
58271266
70250609
15763483
67311827
18834023
26944584
3953009
19760820
24512482
32061064
54520674
41815131
19293532
33229672
51289922
47940517
50336463
68651323
19047378
18956688
10763147
6959471
49088991
32641677
59117043
67603322
22664926
69290956
64595652
71357307
34627738
12037656
30669752
26746830
31987300
23598894
4232254
8422584
51196629
37483666
53906891
34243407
15180044
56234643
32673531
77396846
3545062
32038324
26920019
32838343
14718081
42750439
50615581
89816559
70668655
35057464
3513614
27686297
47323310
48033769
34995996
15647856
55189434
15811662
66357413
25169941
39033413
68729562
21303782
62917565
13705282
52805350
26176710
68777260
5323320
52314949
57305741
26743294
44535225
6486103
49483275
41196817
52330915
3243918
43032993
59973156
73547604
3954882
45516556
43283050
58834996
25522752
30662228
22647027
29852640
4644456
32623954
50990738
33514526
33229556
70775506
1106504
15566131
11104329
13492835
68010119
51737641
54755345
54127069
68761274
51270130
72323119
27025210
76207435
65850060
8612727
62119168
62444881
21418243
31588412
37256949
9252064
68401747
30237829
58295113
6213961
47670227
30162440
71276520
6865948
20880628
68396795
63413017
37125787
33527542
32659515
19503619
63209028
3397081
71506919
40552460
18750669
73307030
25975585
24369431
61922062
34447104
24216506
32634601
4451135
12050530
63754037
59787331
32317553
7603256
41179143
44635704
12443761
51239165
19250439
61886935
14935417
12123569
64470664
107558449
58331692
41848565
35074896
47510168
32433247
49673133
60072846
75064804
3586099
16171702
13771873
15647942
2180848
42136749
57283692
15038002
26741153
20370307
47854296
15022227
32346331
40200519
15943871
68445711
40037681
35437916
35046249
12522476
72353071
24758462
352889
49504373
45302955
41684385
26032562
41729278
66680311
71797385
66119774
45024977
14379047
28419027
60940322
4227584
39993674
54092408
6100722
59094427
12140074
68563375
67196806
32097262
48051513
66116907
44694973
3655456
19605278
42757531
41402195
31472437
11628470
10895178
29942379
41536156
10529756
54010418
45708588
54137070
59047168
6966531
4361308
16449164
36494196
47779170
58915262
68466053
47979637
75629891
16787882
1036841
24458106
37080233
22634499
25083406
42916688
32158552
9122979
36343483
20454419
73894435
29703900
30854256
58039286
63434209
18575249
5719471
10651045
72401992
41580971
63038079
2529355
26129749
55168534
882501
10588125
38822725
66713148
21831459
32326960
25389780
7646445
37699335
32037335
60300049
30088449
30018335
57231309
56415189
52873058
52859205
13117160
25132754
25120752
49650288
377754
5945215
21881073
5436581
335657
42724901
42719689
318955
38765981
9212009
9141459
71324574
71299330
71267595
71262312
35395529
17155953
17154467
25953749
19446561
38874939
32619694
4487970
41147379
54826760
4642633
73554254
47946085
38265720
4711426
73825419
1727777
57219508
64077855
1059337
13001564
56566921
26948495
87852451
60248506
46907855
32321689
15133110
22645953
3036814
46031531
8612916
8555512
38276959
32751497
34911950
67500828
67793507
73970240
15390192
72461599
107229634
54171538
52802415
40660702
58697395
36624125
46031196
18541836
61923277
55050578
4338891
58965606
29313358
56836824
15098234
60351178
5667895
629379
32062236
14448365
76335204
67335789
66075685
58219573
41420541
3617629
3037364
20875063
68144802
15153822
54754257
19519008
50487116
82893731
61756244
41771188
66104327
34723854
72715558
68199327
62001758
34722920
33268561
1166264
59291984
47065951
34145633
54093059
57664395
41336666
11739543
1719152
14598205
15390377
15617312
59114792
21893151
20939174
21452918
36313710
32405692
3792680
51063294
52367514
61742837
19424832
54909663
10646471
46769938
70260079
11794563
71176319
25080787
68218218
5253825
37211761
153989
62650106
59103316
63871934
23159895
23363108
23352077
54159755
42940685
32782597
16438740
32531554
59294791
9531731
44961311
57676665
45031004
72871770
74120626
9550579
50863180
21165354
60696697
69625612
58168495
23904916
54839734
47812953
8871698
56535055
66202740
56231492
3063757
18403419
5672141
12074209
9996885
801213
47288458
37401973
10949146
18730263
36870376
67099497
15939431
62102847
51568398
23384798
57655921
47725973
17113604
72466547
59876311
73824735
70400642
45287302
59294830
14748565
32656347
31804635
40654923
63546609
14940107
66508012
50611032
5995810
32626517
8741485
45251266
37163789
7905895
58986618
9280669
39661266
11244458
66206755
75206519
55179260
74810535
4466055
46131748
70273018
6116395
19492737
35039954
8454442
47839187
66195344
14842607
62489921
24846382
60017133
64282040
28950498
61724005
38971885
4770855
68571496
57917955
15946780
33969378
48454975
20101926
4629451
15117080
60710518
31863384
11679863
41631406
51082986
14700482
34494711
66073714
14948661
43059304
23177806
54275537
45983890
19841140
3071402
12490897
4343721
43147670
45157954
53947207
62178714
46358042
56312701
27348284
4238534
3899437
28116034
70252146
65493068
26553059
46759155
68532112
33943799
15945570
4703401
37824735
46784617
60451932
45316283
17446405
68769406
12861086
6231767
57847440
54144299
60129553
23030040
39903540
13478232
6985151
66723745
19254666
17468740
47853695
17229059
45307111
34306231
48107111
17905720
51000005
75672163
22601487
45772969
7717543
36613602
72532123
71524483
10796828
50403809
41319410
47692010
14873195
65978187
22942902
59573605
5793813
54218249
46380146
29993240
4354323
54536070
22083868
35586960
29846062
47756986
45928298
8410546
72747552
28615016
23452175
86987212
84629542
16659712
3102331
4622624
34713563
70269286
65847740
3369640
12955930
62997085
12914275
51627408
32004610
15619968
25245128
43245870
8608506
57765902
18301442
47943930
66081246
53316588
37639787
69491423
32264047
75850128
31815158
58086435
59049167
36054086
8277473
65533625
70267773
15441456
26734504
56448471
2902510
42425723
25030475
65347590
36968685
60601973
49629995
2980456
30172999
2256576
90103666
72757276
36345339
13491409
46019945
6297405
71499417
47778675
73670679
44823126
58440951
41329326
53249243
33487
58886575
9405887
11971570
23104134
35233832
66523006
21796721
74049515
52394565
26903956
75684401
32841605
40309148
24356312
8572126
68012740
73811280
47373804
30069290
32528616
62606129
75366355
36306707
10608443
38228605
18311546
59628583
18944766
47666516
71390450
1037599
12299562
34151900
63930631
37485802
41169247
64329096
53991095
12495882
54452728
15023658
17849478
91580902
9605056
60129089
4655820
68872241
36302354
46305889
62168546
2769689
66738793
46380458
73629937
40824944
2000743
33639506
64477116
41763975
57886650
64477142
61808128
46088529
71946554
63063891
20527487
58881960
66549638
238930
17328986
5366310
65473288
921573
3237581
9215278
13981880
3729047
11748553
26646084
36613705
32668355
20853817
68936844
4828577
37462568
64425631
3948502
35254846
32704580
21360207
23439619
49952336
33057164
66660958
30692256
59368175
70770409
12522307
47634188
30376007
18314619
44320158
8609535
12992718
13787990
5832564
10347330
26742732
65548518
33868719
4600741
41787610
12125970
15451942
59667715
1714230
8629649
51387973
53976335
46843627
9176009
47685324
39881144
70546001
60203478
52809980
32259751
65525412
34031037
18734830
14676917
4174936
65634815
29157015
54588842
43013110
9475899
15391349
67448487
3327150
15083812
46959316
32477548
49499566
45403045
68623409
59668306
66148987
75899391
32522946
32070303
20832291
31841474
45969681
63067175
11856323
65316796
30718710
30031161
68834411
38968468
23156111
74784542
23421186
131594
47373813
336249
19777999
3802112
51218332
45015572
17101801
30505988
57273429
68580262
41805441
10325272
37760870
56756501
54079830
45550130
72737949
35216584
39986942
23207130
1265001
76280070
54972428
72949693
30237517
12714072
20417677
34561719
32753537
76417998
8886373
17335855
52945875
72933995
44411530
44497127
32174276
73130803
72645414
53908738
30016514
16576910
31555357
5022704
29164357
55168526
12605149
36308141
18326674
58119948
11236666
65366078
19459950
23209223
65302921
28219460
62962973
50371170
57490453
2079432
24295834
5991810
47767323
40057474
38821894
60566065
4104469
60077190
52704139
36591864
54872012
70403129
7901994
19334334
41760381
52315028
52761615
1074987
28862002
50611484
53197767
58547141
72798248
72153643
29234000
18682755
7640324
49788706
35276886
30401048
34135082
21016972
16778224
65503693
47665814
29990123
29975852
31572103
68543878
52742521
5885342
43249470
69969176
62928120
17936961
20603508
4304036
66494013
72208102
68400622
5173177
46466883
50710440
47725365
41777684
38635112
7645009
62074548
2836153
50614465
59294595
65519086
102214726
37108405
17027729
35315943
4568280
32005968
20927152
49714154
23902386
60836811
28598881
45253672
16466952
54823171
31180030
5352676
46264002
25881517
53671623
8772498
75117955
16446202
7951985
47779017
62145394
46226717
30005065
13640940
27206877
45945512
19532020
21050402
46392144
46104968
19757040
31951644
2964182
72536636
66092290
60057561
57356529
45667020
63254605
42216587
3317681
93091568
31730803
25124217
26755556
67579299
4488002
33224148
66084516
65846149
65680562
16295913
32179343
2008283
15924265
15881271
63339338
7908677
62826347
61770285
61516533
15207691
29500575
58479636
7308453
1795116
57274706
54778409
54520237
53934373
53902084
26921846
51505403
12234227
48033796
11891520
10867304
2671768
41833082
20792683
41349114
40521664
38508320
38508319
38246433
74851770
74420734
74420668
36910558
18011391
70242231
69101497
69085748
68476461
67542071
67469335
15791171
66762999
30380456
67577045
31789627
7243007
43940283
21883036
66653154
64313659
68422177
23727067
53073178
9429179
33533605
68139152
65023078
64267259
41845917
71009406
8591732
31735077
34161632
34893798
7922822
12259284
51014065
23682481
66013240
9332495
70401298
45996751
8470244
18200873
4109821
10593902
50544088
72436046
51182376
41368053
15391890
10345974
19574554
37765001
13379244
17820393
32016568
13483740
56954379
18975615
45775045
72216568
70376145
67311047
23590409
808914
54974515
54053313
19544593
10589505
22597414
33497599
3720482
61786209
47470741
39891928
65244295
34675670
74744768
66200692
60062489
47721437
50389487
59833009
29020032
13483207
65448644
45206776
29505649
16403410
71357827
54769396
4352689
29943479
66797414
6851545
2478209
6316563
9589862
32692048
36663894
27804042
15120517
65365921
35249795
50218610
54686958
58960246
34142306
54332192
21437670
28647736
36332329
5578504
17853515
68410817
12497214
14874550
46204723
30841639
11800522
32188115
3302228
39784252
36711430
58707328
61637483
25129820
25985600
46738906
33914025
39973284
42413698
22637067
23408306
45891910
58813250
30399683
36389306
17493586
61902208
73684678
47833152
66082727
64281860
1959858
32739522
18201292
14723488
57865163
54766224
3369211
59700339
58784229
57012384
68571251
63697620
60254649
29244827
33502294
13769075
21360055
13620540
36376745
3727002
40306303
4220235
16387802
32268889
30511716
33561249
4192080
51819497
32531529
24640698
19773581
6681553
65365512
14609570
17124024
4782077
54460901
70663258
59449794
60949339
46042702
11678592
33844412
22690633
10664841
9367246
54728404
15700900
42364509
32090126
18281292
39813676
14876114
58851393
40519952
77257447
30694246
13384444
24140830
4646523
31560540
66663041
94288392
3738602
59474184
31540649
19482707
72921011
2166480
24399594
61435482
68523538
79443381
71000389
47764610
50899840
70703834
54031225
48486999
50358870
56310835
45974610
43194145
29032276
56251520
48384282
38297506
64893577
26941037
41362050
35265992
9108994
38947060
3565705
45537155
12525505
23635536
45965013
17173224
2701657
58879242
47384878
63852490
48027312
9628683
68338128
4551992
66078145
55189296
17258239
67090767
40215724
55022423
2906259
31735133
13689428
30714866
48844024
3051739
23582539
10363733
38732000
21915799
992820
15077972
54664887
39885854
16493983
11032866
51325850
8597242
26790637
35220772
36793440
50455572
50589408
25029812
37601733
63259342
67525590
50375505
53314841
74370935
47825891
45962299
66069472
36370240
28114601
65504018
49597969
4585894
35324904
76343470
6831307
46796277
30687568
50555641
15403027
34876993
75720098
46138540
5645355
28566614
61941612
66483370
59346963
48953999
62001314
45780076
62557619
8439369
4675256
10536076
45964752
35352046
18543567
2704450
75443882
1404594
72530341
72609801
61424395
16580486
2749597
19047658
6866706
58827026
46564441
69410192
4704427
16798838
7863043
18522169
21097205
23275444
26825021
10606930
72483040
47995410
44520110
17840105
3721220
12993873
71340483
4707966
2184063
61914551
37907849
56566137
11032384
42409309
48895956
10911276
27379167
63337304
66200000
65867652
65540998
65476829
8089518
31997057
63826258
14451840
48332889
45981900
45096662
41817255
40560285
74825066
36346697
72122253
33912878
33816672
49592157
4349540
61886486
2691162
33539430
48482911
32626200
37271541
34127041
75126423
17401643
4796664
59581651
50006640
16778699
60665973
9727870
68455164
70704674
26319369
22061462
56538004
17236756
2136323
57774283
67792340
100626206
8523911
38261140
41267381
75798845
45453128
64637914
19308400
54815897
1368939
6798547
70942923
30274890
36618579
50213352
75196452
34390933
39643092
54613280
58244878
26796167
34602053
16722209
382173
45140640
76209485
38418365
32623088
13530331
13718919
71068280
16297686
64893024
71401522
540346
64343730
67784946
66672398
33570559
23042019
60860405
5514587
62154961
58965468
1755469
15542239
20101234
15932279
62000965
42571204
14096264
61656445
8622890
57998385
9105667
1715824
59911205
15436946
46759944
23219251
21016971
11791351
13432573
17366671
32762681
14891419
8846300
69680985
40108104
74031694
38799001
21509529
50231962
37638189
47922127
37519873
32522828
3320250
81452102
46021379
14631963
47611390
19291957
22655440
7051874
48297440
26878729
15029936
18956821
57258500
31532670
36392030
36230369
15700118
63863693
45264993
64812428
44847363
33355170
40438965
65692582
13521639
16297551
13547281
18070838
60756646
50502879
68007306
43825653
36669332
62232317
58839303
8420923
63531665
59730500
30538825
59985266
63322777
10567958
42094231
8223553
45632912
46197116
16655745
8367559
72349810
46685707
41773012
7139399
15129890
56911641
51015633
46240890
83806102
29500094
19427992
19462576
66316956
65691366
50403693
4515229
33416033
62053933
31742922
27338167
32671911
2984244
18774386
8614915
55288607
48901312
19714159
19010375
6823128
67116296
59726904
75751080
13148603
60064582
68456657
69484739
34023275
68634818
45262836
18954753
32101664
54003009
47940169
22599406
65440318
40033171
62163114
7128955
40568942
543800
11669766
18498355
4823081
23894171
43679201
65484109
55375737
15827392
39964792
27436486
57948221
15132755
75059603
51021300
40542743
56283990
10793928
13809247
18539911
34114321
53774399
58818955
29351593
33545356
70589407
43516776
56971608
4494952
44871017
33951368
85937465
36344875
58819003
79835750
31749266
38413445
21064994
26209816
68459424
4510301
10818444
55370475
23822926
68557717
68109612
10785469
40561872
34300165
83060429
49885101
67320031
3320845
60808355
34544642
18355527
70701772
109595713
109458343
104980446
104895027
104786051
104732100
104712141
103069715
102881802
102717449
101582972
101559945
101521816
99842457
97562143
96950606
96950432
96939881
96676710
95142810
94138297
93764064
93734519
93603353
93599291
93584701
91354642
91347486
91219896
90995025
90218336
90133592
88944562
88888245
88865419
88738805
87651236
87626001
86438244
85379005
85301499
85298647
81885438
81884562
81863439
81758420
80535100
80441210
78036799
77992993
77959423
77921874
77719218
58664064
56668704
19013218
47498309
32537900
30638747
3552943
58854544
6556749
44604706
22133077
10871723
38246896
4500450
33377177
13915939
4731577
79577133
30587074
40011260
47893375
13206953
48161039
36305414
55149632
70664838
74747986
36627643
18296051
18922443
11876838
55027105
90270828
38547952
74896371
22806281
69450875
56869067
47982068
10335406
62929772
39957235
20532883
36556239
3943621
104979263
95542982
36600788
56039035
46438845
64254723
16688930
65500265
33402960
100757014
21857082
10759156
17870282
33881800
35229044
11033573
23562649
35563127
74381608
47776884
94379974
34253516
59367777
33966310
51779440
10792985
810283
35562005
5450379
40338336
40278979
12208566
10999088
78821844
72732606
16542027
4598100
93701482
26974048
67829165
52360103
835180
5241495
36307215
59021277
56769499
57864238
56564476
20510776
38274500
6840559
107789878
77643606
5152526
65441740
33730160
59854817
66465279
38975711
31215700
25567040
67278525
4017719
48306777
5510041
77196571
66403225
60018331
8607586
54735306
17177583
33816174
7903167
29390489
34922368
34602005
14859014
60730447
60961305
46001084
58920012
51418415
51029057
9229717
59860120
34256308
3554687
50983831
50076760
50796179
5667643
8762416
56573067
75791605
49431416
28930534
56778060
19763994
41735100
49533342
62166163
10891268
16722769
9335841
15152947
14544791
3880008
32170973
64044191
62886783
71607110
71342610
54211690
80758638
26186949
41852350
45918565
8574407
45954542
58544892
36626228
65229106
15945105
7587980
42093309
16459881
65515498
23670569
47421253
15466437
54830458
50213418
75670743
54817794
33472518
40081823
72532353
62148821
41720713
66201578
43218313
32665751
65490746
65171340
5804790
3894455
71516937
842176
15024047
45438747
44401656
84283182
29605881
12216655
3083952
50551967
19475239
58421401
25925043
23853862
16093590
28819960
56643473
11465983
66424659
57063182
19446108
40068837
34250293
46413934
62602978
31138767
55085291
41378171
34654432
71031544
42021067
62149576
4334882
59780195
68167171
74182095
36320474
51002261
42578504
2775350
17027794
23991069
32525666
21501415
51342795
32617591
59314931
7134595
34102296
47379256
71087410
5257575
14746744
40077059
41796269
23705556
54189415
70928285
75376319
14624535
57947693
26750497
31951717
30962305
32939724
58221536
18426006
22609543
40107419
51096238
66147853
95025276
47796925
63244233
7661410
796662
47202146
22639606
40243110
10756925
70667033
53551660
18070973
12188506
10395674
72222926
31671621
7905861
68642200
92557907
17901617
51105203
76846451
25090831
57761513
47467663
10325702
67823057
51130293
46426795
52904877
20333620
41838249
46410927
75054969
6751475
48425336
59117738
19591835
57827203
63323656
11786673
8611108
16684953
22978166
52702676
36250365
58644170
54599405
32171715
47327890
12114038
32613173
54187540
95152317
47787242
54484058
8431142
27119785
4041230
61651001
81517816
65198315
80247207
57616150
38516184
32788382
62088892
89022399
54241742
18471490
15402597
13142240
49030512
40189994
75725957
37850310
68550212
31724562
46203907
6517053
72861593
32641669
51494161
4798402
58491447
4657488
56277643
37220887
53750316
42105847
45977169
16303475
53016058
35292900
41775850
15163085
8220410
63022668
66711519
73566836
4075648
4190730
49941281
39187623
13885873
57496439
65723410
9123291
16572448
14607658
72329621
97348438
67673250
68711056
33774385
54649304
45446882
62691023
2993836
32292774
43181390
10077536
9825044
26214924
48758503
42725003
52861255
59007966
72745129
17119563
67065201
25325653
77177036
6717328
19085878
26820152
624861
59956434
59031139
7677988
29182514
52491359
65053267
33985828
26403927
33565423
56816700
30163775
2018039
50404684
67500125
65721849
30018379
50986446
34601700
46734667
45583165
34911461
65497754
12236661
29621536
30523532
67860034
51804367
66113673
219797
46418719
64001820
5947033
50402791
32907098
72834479
64170426
46751440
40389365
49902222
899595
55561516
6873631
11316729
71149036
35510090
10666957
68478366
5767508
41189425
58872631
73059166
50359170
29854132
68394815
4136794
41323803
50935543
23203769
69584188
2639772
8760516
59554425
18323024
43859352
16583875
66098270
2752968
8717858
35235121
2996558
8461248
8273293
57057494
72521376
5833669
54153862
46240347
41187527
29516183
67576747
62898415
23440628
59810913
30420219
24290367
7772052
2913857
37564928
23505311
53203312
57939320
54155859
46458347
71066621
64014028
70062917
57278675
50448448
69421194
7902107
7638378
66200109
8227981
78848464
48951964
44557619
72793955
6867371
7685141
45941151
33813079
40410552
58945626
29160235
55098745
12890589
19418222
54153004
3331808
47581270
52263328
24709259
4604606
70418550
65385190
1406565
34126784
23410956
42748941
21318828
12620392
13597642
4500184
23101245
74959772
54815579
35699910
68377377
19805741
13124224
59383126
15712814
25920302
32774139
27303060
12919417
26835067
27052147
18492488
27530175
63810382
28241862
53992743
55127266
16561181
29730528
56546024
25799933
65537681
15818334
26934477
50350354
25245912
40185677
31457437
65360384
12579723
4054725
32265152
47954931
23940333
2260092
29567889
26750268
40243250
43477938
15042352
35273995
42477523
29402813
46449018
63278971
15814995
31031011
71087611
347554
23418804
31522606
15067855
57671463
45823622
18971053
4711897
2315544
33636123
62234541
32655760
32596306
66450723
60721492
13769332
53718765
33729364
9702944
61442386
40924283
14758581
49202214
47438820
5520318
23181985
5677863
29572926
41154718
4657455
10335670
59146212
43008824
67165737
58439661
54226177
47995073
13092413
9113943
3433633
103266082
61864008
21841560
631510
14449365
10546261
15782234
47407388
32093376
52872898
23890602
40391996
24174211
45241739
28961549
13764055
58949181
15117809
101821027
23896629
32757534
71498848
62177248
50750078
47969410
6021937
10012631
34145358
71388730
61486724
18662701
71463632
7880421
56328121
62607288
61413020
17205711
3699983
53544824
30096995
19003887
36963755
10611858
10316492
47725147
44855639
31558901
37552993
62251472
57478490
5033325
14691227
62899028
68934637
18684653
19242815
57941146
14575079
19333235
76853136
55085982
68617945
10358804
48773362
31809418
54579242
13973852
41319707
68071784
71357299
38656337
65775014
12971045
49687054
42756833
30722496
45326794
47728399
12211043
38106153
12185819
41165444
71280735
23659099
41029722
15061718
18446153
72780567
61427314
48307293
57518238
27063653
22094536
54203761
21277103
59005634
14697359
54761060
5518339
68563234
59674515
61371730
58875719
14636991
49136955
38243442
53030504
26201481
12489380
37022563
31780623
71225797
3034386
51069579
10685923
68001576
27578091
41242293
57854916
32290693
62906087
66235342
66081892
72981006
39603224
2783342
42236822
27349634
45051546
44645400
30924134
41334858
74159227
35752518
18986922
33810238
34657591
70258645
54056182
74960751
1375499
53526190
57277685
49453327
25378837
37168363
19704323
59678524
4924199
25435702
51511501
47701822
61745237
54180533
54578854
45956836
48209356
18374745
19686469
239984
52810617
33565220
14550840
19012560
8586993
48959946
17445756
8374905
46693465
59960368
3730877
4246482
46797709
15652957
5927151
68463459
30813932
25452113
76414799
62106144
43212691
65350806
6426557
98795429
47777566
38278930
70253699
32079769
49092518
53674446
35581684
32849548
3848435
6035359
2768233
33420210
40019227
32637507
53834311
7412302
47332045
70662848
39104051
54099311
51130632
58183053
68529941
46780002
4364147
15045056
50205276
24182870
54211707
41179135
34883459
11134334
32529366
16116433
32771096
23248528
31842562
49172898
42979112
83385314
10202575
62917622
57832685
40417848
45987619
59452502
36553649
66122470
5340214
74038215
50586706
21171180
65408077
31901066
25101222
69490200
17387497
33536131
18491604
34093810
53271225
56234248
66093985
27553770
69107868
67823106
43087581
10650005
69282169
47414029
28866204
63337414
64426097
2264127
12027871
74876666
65539561
11221008
58466039
13237631
26214682
41757538
34134670
12448841
47953569
45967508
40312201
33376497
6561366
19058137
33483404
25349812
25270801
54080828
13455655
10601277
39006933
67240380
33087518
56179647
12967293
28937336
18949156
18552652
34127486
21102772
65353812
94173150
19290102
70623919
77290801
65478648
62926680
8747657
39144481
39708818
5122238
41753524
23345442
37077970
39985182
17481760
32031976
16688557
45506667
13575297
40217024
36594429
49824387
62154009
12643194
36646451
37154065
41223944
18347317
31102644
3355340
52912605
23209024
23902681
19410109
40075288
46951740
66490281
40033591
12592457
62157585
50500774
69520354
15012819
10106743
29985199
28199014
3322076
47160422
40119042
54056249
65500578
12128534
33954797
36707255
26000952
48111377
45127674
42628381
68621690
54806048
19126153
35000215
71500015
67868497
68018778
55113257
62584728
28881311
56496302
47951320
38256021
29973399
46977173
4317016
58880079
44629093
680575
2936614
2674188
69051725
74818888
30874192
54872045
50607109
48046172
37635552
35077487
69277999
41599724
38270694
47630930
41196994
12486066
56728541
23784271
40302655
59951903
57428909
54737870
15045689
30858937
3424317
20108743
5850033
49612974
17326853
4166759
47195116
23310214
38756575
3899666
32568109
43608718
36376581
32434975
65343940
51546261
48522511
46867639
28322113
58331674
63543645
39770457
76387378
68491802
4632367
70725494
9390878
69343096
20944442
11987732
26901229
35031755
23713944
16168083
23721620
12790926
56723865
47972963
21825551
38307041
13123163
17867783
46745721
10777386
14572975
36606970
49924945
67808278
69051276
885822
18175359
11989154
51488603
37728934
75693739
5133591
58883993
22994895
71076156
6966733
4209247
63255559
4433740
67710070
56869864
18031109
58822910
33641810
19083872
48972035
61787387
45020148
71957258
39984663
41823365
75876866
32658907
3729556
46967363
45951451
34702051
32634589
36603465
46945820
84215445
56515871
13546487
36571724
16325462
12790244
60916492
42261996
3365219
18544314
16011678
15103902
24674193
37134288
24425771
48167212
12168633
45773403
71368161
27500747
59548005
29165480
37644905
54010215
27163707
45218659
62155504
18988054
4387334
69445076
68532215
40923025
55062960
61963313
36333033
15946702
3130351
19631329
56449856
54040119
74712653
72496067
7330761
2017932
19424114
12125351
77294988
32566763
13130701
10536514
21321535
24419147
71923882
2266955
41794766
21006475
74720192
70991904
33521281
75279811
4605642
56368092
15396325
15628913
62612439
61948022
17328654
57796145
19252263
41762635
22986651
55329391
3617403
62314414
50709434
48027547
45959375
12574123
34167188
36802419
7133031
34101741
46434419
45817327
43460023
30168994
5817913
14759269
44635188
52318363
54985538
1184791
15349483
8576966
58037415
104508840
38244516
10717615
68193595
36270522
67503733
36710328
51711428
12891196
52708244
30831070
71111964
18958532
36589959
7379187
40843845
31549246
56274415
68992450
60295574
13389608
52807238
11373440
21821504
10312520
62911411
60586227
75014982
32745541
65436921
66090324
24373550
63566229
14068500
37476745
7866979
46182084
18162919
58559212
35565884
3733900
39939747
38076049
23291912
34590478
31516487
57676576
24387382
25283819
66087359
2706186
8417734
38898213
1062377
4192061
36647404
28491764
10198184
36599100
51158545
9392228
63942861
60386177
55151969
51744192
45792946
56381977
16440792
25138167
4460530
32481183
19268722
66090568
3279987
45800051
70239071
43375630
68151953
65302991
2109786
27754361
68547147
36968631
66186048
32406011
40327071
15179159
42489353
36621644
65414320
74018520
25467620
34680048
35111894
65232043
13715376
47347381
45495541
36961570
74685570
26470799
45710330
31156348
63558781
3045626
19137012
14881520
13827167
11348186
12897587
21436881
73166205
11870785
71446672
18020123
63772838
54978481
16893781
54244362
4516306
34678178
30932284
63035846
47510944
23289013
32034886
10879095
73604381
60794908
104816336
33687111
24004157
74741259
29519019
23737397
65103754
59997986
75806580
74639773
71121325
51087912
32608091
18945718
46871014
71405977
26357819
46424662
6078557
54245265
41335119
3035819
33693170
9128046
67292608
22283422
70560721
56839786
57553794
36707000
3878707
51038423
17084478
52282486
54732431
51512015
45699686
46926446
11629878
54114147
32182574
65511075
45720469
47977377
71460898
4516409
65228580
45883125
74420740
59265586
78898650
60909485
30132146
13979139
21486562
30308723
63299939
77327745
33563302
30960852
15109812
30565925
35395121
31577280
31546172
109270177
67569441
5667081
12219670
28270421
49500435
72180961
30052019
11055740
50603872
13931141
53993068
5712673
71423773
39023067
4540285
60600721
45218920
64401607
12138112
37116699
55177930
26918537
4685848
68649221
2979386
36424554
47372354
1750442
54466251
19340590
5689839
19805248
46406257
24848645
50753659
21101375
68698062
31079759
38367388
41861315
75712640
18322152
48314303
20135064
67826896
37378618
56110312
94425299
44764006
10593670
75804889
30352888
43910795
37807781
18777393
18565255
7298158
11931806
8085634
63562389
9555738
3729460
54237813
4218086
66214675
30312133
12710265
42263200
71312094
52677738
50399271
37397636
4106724
56383354
1206491
15218397
7769348
54009904
8607456
30064433
35047967
31864885
46765307
59911403
47287919
4789003
35339072
45056079
7988858
24760659
27519137
60640609
18764153
12802468
5276553
11752704
77389587
58391091
55253056
63424986
44460394
70416984
51282199
351670
3725936
41167827
60492274
50341757
5774740
42683970
67624633
35434285
48932182
83156941
29838237
58880126
26165340
32651753
5242628
31999303
4714341
35717436
72701594
3089389
40078800
67581116
58832935
22193417
72939554
32311952
63206683
35059155
61717479
46268369
46262154
68446489
41611965
56514606
21541565
33139623
31799509
56946537
13840744
37267220
33650775
73667300
11756110
7644459
11653666
36325240
35382753
25360737
57389642
2691260
40118376
28004549
18894317
35316579
19341396
29358628
69373419
7641594
41192232
27903343
21118806
38352323
32657189
31716910
75153856
8774740
28929461
46432654
42417548
51378033
43479861
41847546
74820861
11663580
45342626
532515
10918060
47958710
7642679
66012103
59129928
12049270
20373838
26029997
67796369
48466866
15386075
36366345
60072605
34088298
16402286
65168924
62654457
57761778
57233289
2234770
34059648
64998001
45031931
36311851
50610724
47464235
35748665
45845372
71256333
53151455
4176674
85965643
2669980
7355031
32750603
59627985
9096397
28114777
1926061
62584840
31970215
26173828
14866579
47788389
8161880
44592173
6699918
4603430
27336625
43477463
62678200
21660686
72727082
12050830
52779672
65892276
58623482
60542912
58437353
46653089
9292271
42442948
62615210
54213561
8832193
63833963
64294562
52320846
30073179
4733030
18397036
13869787
54094414
3665989
1728239
13526957
67922134
2484226
40315084
65411725
23254746
102851312
57568444
59995382
71293561
17129998
41284459
38212323
36336270
96698122
20248004
4567316
33666025
18786753
10594200
51986942
32030660
63123520
60027168
26036997
62884370
68119873
29267441
7565518
84224663
59640255
2994513
60703096
29510858
31488142
33574055
49527550
56770771
21701716
2251579
63563839
67218189
50391984
43013188
71286057
4362272
30183116
24676297
10868969
25173831
24263447
37211860
14586478
62288593
41833376
12074642
40205856
7883862
53106044
27694390
64610554
12493150
46388101
18459903
60429984
43696162
10317015
16406176
23259297
68447575
33892745
60054990
32078129
40418697
68463575
38973877
69244737
295395
42407116
6128896
65688508
57443213
27623262
73978847
32878448
40562885
31487595
48933901
14942606
65391592
7719857
12024419
9703811
37008949
67807689
14675408
44325810
31849540
4194394
26834424
22976496
54578222
47764360
77211402
50387442
25235625
51000370
52862650
8604743
11287828
18052124
22240716
3357962
4248915
27404935
2471430
65304265
934744
5410485
39684719
37267174
11684447
11180360
47786791
13139622
31762908
4058367
104720674
45203666
29535566
45877152
11311213
30032223
3637384
51085348
5470967
54158596
32023066
5984481
131160
13393790
57376109
68093401
20430349
27784924
70226083
7197386
40517963
75082360
77624210
11278413
59185601
21577688
23277478
46302445
71442025
47196077
32266605
40484552
65532978
15953322
57368368
63354886
60723773
53646259
47788205
60535917
70483720
41887937
39852550
59493515
72459138
23939437
18507071
59016945
14514819
48454189
11998883
70749259
25150758
70177163
3228676
14529683
64891046
66809930
62163216
58377610
42703758
37739453
50959218
3719335
26744250
24834161
33823514
56315613
36928834
12673190
16432687
77965578
8592338
3735573
31060683
20760298
58575201
4630770
69110349
48883608
6079033
5856384
64729153
51154622
10922682
60322851
14699694
22163200
66486815
58023605
756266
35647014
75354236
37217133
65178873
9548015
14055319
52154623
50592014
8550501
16228135
52629721
33743454
61737865
45969656
35413491
19960560
42425269
68118254
47939655
34617589
35693528
15614191
13071823
46019752
42441470
58922974
12778094
64907577
62763317
72817106
30893022
71580468
46579906
14609490
109507204
37635137
46173296
45206580
57439429
18163391
67469225
1723261
120396
65435802
34609058
14941577
70782756
66668264
62056472
5667252
37484540
66118544
56740131
528826
68144590
49479616
71079313
2988163
8835119
24662802
21198064
60251003
12167139
175198
41173973
33265276
13116881
25007575
16834974
11369617
4488853
18506090
38762179
35008423
38785876
54189980
29956202
50392094
33411523
12705612
56868281
3278484
76361352
6088849
59133950
46446591
75770734
47575520
38278001
54971811
17841090
6981682
21602050
8554129
60043294
22280621
40563560
18985926
46828784
8226862
10869617
42292409
46013815
45018666
67091227
51000231
29156224
4065708
36693890
55519921
19607171
34252528
41043414
51153683
26365581
5852881
44959107
19119355
68017197
37550433
70589902
45705734
8574390
41330285
35064663
4063052
62163112
46071021
41042847
76943652
18542451
85338720
47869692
18965852
12602052
33920865
61484963
36669864
12175914
39023307
45293891
38179971
55927074
57445644
52982373
16112457
4481609
41961369
29816668
53117213
52818610
23599232
63961640
8710964
6830198
10553630
41998097
20295247
19741002
71067954
71944392
52946594
45945847
69054267
82329568
40534058
30495563
55563365
50621723
36673505
31559590
38558061
33484674
9404429
60683561
16531864
3905974
15063473
3720800
21163255
77018531
31789714
60742001
49444308
23093197
45682239
29525552
49607158
1077291
28289152
30026946
12487938
10555259
62992409
9332326
15106275
9610334
10516321
18465487
54592275
34022133
59956944
60608577
54249804
13842457
48053103
7662377
50722340
37555592
58062694
74818885
9122284
33718856
75249665
47784071
32670378
16105624
57877162
54578647
5786658
4686827
72965522
47789567
32250081
13252215
46961828
60956360
76860392
51273321
34618719
7388074
18289979
36326678
58868693
71268021
33730516
72674681
20943591
29227359
15789785
67634492
62146866
66144082
54254204
64480139
4667596
36552547
16569230
41761491
59014440
8857996
23057416
23042661
64332384
12750670
23219852
43146186
23256943
26834434
22594642
14704842
1729998
21109899
46030251
55003270
35611618
18959332
40220060
37258994
69278641
6140340
44996045
4369662
47332661
55663523
19701720
2143083
33635333
47612046
31038333
19251113
46433679
23487408
33299806
98407084
68936878
59671124
58998024
706523
8635027
30135193
64112534
59828387
15653932
98087
41846656
64843289
56233693
73150057
16264748
14428044
37007845
31796199
104434164
32591156
68582022
18714912
78477201
64314424
29866211
12577220
36350713
69607858
98480515
33812187
14751520
40079745
4897825
4516644
46431736
39029983
70267689
67724646
24616924
33234675
51088884
16614009
73667818
16697706
3394578
13380900
37656881
26841679
46805425
5674195
21397017
70944839
32195998
108130212
85442457
58531422
27523650
46435239
7592648
22152616
42140810
72520492
23681932
95733504
50221587
97569
34127030
6623564
59723847
58850987
3000138
11332962
65114765
35043558
74744003
59756070
30040789
83001753
12238760
86083064
55677554
34189809
35500658
44340211
14543669
30692136
5475956
12256236
4339081
3002181
24189357
61788105
32828989
19630769
4118942
50045793
68581778
42586100
59046165
107425179
12500500
28434685
34908089
39940277
18045605
18950799
18422827
102128596
95935492
47378622
50565868
70482896
50964625
64228470
30705278
55860719
65479473
13549084
84155153
25035548
103003043
4818522
69476412
59988308
32038078
12991859
23416247
45055469
15532325
7500610
4778673
34716316
52611993
32527201
69880932
30514199
30122916
40291097
67829997
54799733
13791064
43553867
21430461
30547122
19461121
12121958
25078802
35309746
32747401
55193455
39244080
10316777
31822780
60212229
9276981
13968275
32655590
52236198
67469503
32077878
3752905
809142
40365816
68690114
51967486
16954432
23813439
66084844
8057719
23753168
12699834
27934651
72846168
59437381
30559844
12226861
56235349
49823637
59745236
46085847
12148860
34023674
62612315
687726
15682213
47197480
72193716
13560228
38308501
8619690
3343937
65122774
13355970
27742745
46267789
32096803
47732964
76261222
15981067
21825556
58292952
70922372
70416401
71361197
72782876
62165411
44721753
37896626
66786177
54686170
4707920
68466647
36560575
64826516
9283208
82744272
3008869
70450614
11316235
12676899
30548915
68710908
73682597
91157240
57766520
6028442
33735543
48947914
33965704
66323896
13043504
49842865
19270757
45734092
52991696
46388294
56493135
27323795
34629654
12213078
12134110
33814626
32914355
923653
21326281
62165726
12247547
68582575
35233437
62791157
59628953
39177803
35776759
68023656
19442592
68567642
24499621
10367962
37050469
21016176
7573358
45981617
63567271
31713348
23207702
73559048
662517
71490919
54156924
35789489
54068987
30890413
15635937
23056595
37236240
58966822
65526528
16575152
57698557
56453284
23081195
5416509
38281262
69548499
59757102
64488849
16091885
47965365
66361204
50467834
3939587
15899246
23397531
22664383
18463336
12889283
37006852
70341093
51788816
40407734
66131679
74885264
33265961
3370224
50800345
46548727
73641233
31145721
68931742
52784041
44882515
10814762
54164419
13699252
14958681
19118577
49597337
19014421
32559169
58934657
37644679
2655521
11335872
30133721
70686075
24454386
45703588
59191943
25270871
16279122
36633704
51096119
46120941
28289740
39042386
3224289
4785045
13205938
34163625
56657716
5763507
36672073
2006005
74110926
68935490
64171505
35280695
38514698
42095088
66878238
68480642
9260295
71932878
40127812
55000131
13871465
47759838
32009813
28960504
18760293
35196171
74596912
48321073
32638741
62264833
34346811
62602636
70394914
32643171
51486305
4420426
61020933
69967113
11776717
18540075
61914814
36334121
66152389
58436537
83116787
65075075
32820001
65348229
30761382
15608902
14579369
7373459
34620571
84029641
4286962
57659926
72754144
75151723
10650459
41894258
12106555
30840076
8773289
56718780
15282389
8583665
96557880
39924023
62026599
30312187
53659536
39240919
34560307
66213154
68430838
62473122
66393822
50019771
47550282
38284102
9200390
48019249
41588250
23811385
66360110
12989464
18351820
77018142
58592965
62015364
37402902
36523398
75150608
45262948
65102323
40571279
25825846
41845807
13174089
58779679
33182124
53189342
50194169
76917875
26335750
75953895
4677278
68176710
1988955
40579986
18477718
58851058
17921708
66096296
62619432
50203228
2005763
11813908
22987943
59633049
51077629
15084642
38996077
27952425
21804984
23661775
12216925
59626234
15613902
33777618
8661339
33573141
15094500
44924480
46134807
35053292
30838483
29420213
47507615
49860612
35090555
22807178
63559031
47569198
68148911
65371921
50195389
10455349
10922606
11277453
33230190
69673754
1033894
15342636
74861432
72580141
28262819
66101663
13123071
18973381
37015933
16556770
6144190
10792302
1875150
27130701
15391569
67826212
63838837
33477517
4205957
21898111
60438925
14972937
6900549
8404521
15024960
29153784
47697997
4932742
71284592
40564735
49636962
23585917
21706540
29286319
8878261
62242415
25050977
4661036
62223125
15211207
59014266
41208380
33802107
54039930
65526688
62170582
36366212
54708724
21095287
26383295
69364720
14940401
64727621
55773353
932570
40998249
47677768
1886591
13826672
62145983
40075329
47367303
72659967
3729570
14022466
17173555
4734074
2961591
59023532
33208196
41365706
52930597
27231977
13005706
62303801
31187654
60077945
29002571
12778188
21283384
14533745
65565172
9578169
74395893
67967359
49504112
12184586
41087287
56747819
15914284
23919355
47735957
45930647
61987541
46844870
51294948
46801897
8840118
16638902
56540228
6276967
35502222
63040923
41026242
11241931
57539639
32554406
47365983
23203898
70477707
58068461
15999764
11294643
55480907
65302256
4055769
40862330
40534856
4497873
70730403
4909276
3323394
54039181
36148112
58982267
22684234
8611708
47727737
20555687
70767399
7977678
60650808
27371756
34929610
58735197
36556306
35209994
57300820
32018956
38895175
11987975
63773168
65315666
35021154
64037555
30641557
19905897
7403278
42094370
4064257
9520901
75398834
7640437
32186075
74627264
14025988
51091510
63958350
66349980
65032407
59487060
69881832
1080157
25914236
21788242
41511331
37579767
66486205
30173282
54493181
50771391
30187925
36673274
48464071
37336408
10818384
66473551
40243409
37012741
47052841
7318362
37272099
54918432
8092741
61425588
28033653
54730547
50386632
68968246
16798818
41856112
30236974
74730554
33962733
46028487
54500377
26819825
5089429
57663000
4299014
31789603
46151467
46009971
51072090
4067146
4654729
60282160
47215169
42530780
32852633
30712347
68500071
23308619
40037242
2184304
7356068
27806651
50852165
55273914
18540991
64169511
50623050
69925121
83113114
34723833
59110019
55010390
26903765
12704384
47053229
44528281
42131772
34983173
100458677
12250819
62182123
31936832
6323415
32168774
32829942
56628629
49453240
68088560
35062178
34046144
36513428
5238461
48560849
84271583
48416202
45273874
34843892
45196663
51511362
6173412
58555888
37230787
25210264
13343504
12890727
70651203
39956610
20508420
53107942
55037797
16722685
30868923
30381597
38710002
14647054
37274277
66853340
48031021
22590536
46300811
8710281
36634066
5262569
68220035
45708622
71895647
8406968
16678142
35289632
5412327
57782353
56862825
52546167
24230985
37090309
67328237
26826666
15040125
4299931
64188925
28771991
49409353
33754164
4652543
68463743
54591984
50613825
21105185
47609106
3356364
38860307
61912789
45070747
18295428
17302670
54055943
53914353
53310842
54724909
2929331
67449519
26912666
39945634
71025170
59135211
1995941
38073324
2096143
72355265
59739452
4219621
34904996
38233795
43439078
48170540
74165442
36976916
11380811
56498266
46414005
41518551
36606917
68578243
66210079
52708684
47831648
35040401
67198256
813954
65373513
17611988
38643668
70487259
34136113
30822590
390549
59030290
3101152
5910024
68942490
12373986
43060314
43092940
65401602
63974761
9677778
66203531
59341430
45230212
27720905
73421436
32804123
35423587
57540109
11377644
54610735
8485643
26740980
62109410
56741587
39588546
68473994
68530818
16578466
31911607
61410146
58029201
5051428
668877
45081862
68477483
16611722
66233164
18564380
42952043
53593658
22687821
34924616
51044388
15114051
49627551
45037236
12198067
167155
24829824
68933555
19868785
36026297
53834199
32272793
23667153
37539344
15044666
43443471
16298118
66081831
57103854
40191664
24661925
5705890
60292662
22608145
66743813
25147955
60220021
21546511
10616376
24336870
577238
8527034
2107506
1914394
13234440
41171444
15364579
53238182
12180921
9355071
30577310
5819897
45809025
47352948
4194648
56468436
55501384
41151370
36623008
71723531
50417733
12138591
70187132
69784336
64543465
45152433
75807664
59490784
45024765
72862703
18054256
6138450
39051185
7509870
45426755
44326005
58220513
18479434
56965819
53985597
26487898
10461704
4019375
45981242
75884795
34686495
42394574
4471283
69566784
53989444
33575487
54783368
22638353
37549085
70935732
4675571
47669523
12210275
52909597
21682930
4423338
66094867
2836595
20835510
41188846
68556049
7382029
26836197
48026208
54184145
66292996
31553327
12593278
3012237
11067607
37233314
63259768
26381158
56827745
32467634
56235190
13476734
43555138
59655660
56232368
219029
74632679
66678750
56759095
30962133
10553402
43112860
23376510
46737531
27689598
52825699
37105191
19009556
11451534
15038578
10559937
4363098
66313773
56720934
58275089
42782086
58840388
34550582
37167604
66042271
56297905
56256630
4212352
36600061
65423173
30231852
13825244
31560241
43003285
4557421
37603893
30362005
60573017
19428741
33944905
61442017
22295805
11793948
11654991
46018331
5101337
34631554
4199202
58121752
5254714
56450679
54600697
4162125
62751946
54077105
54009866
26237131
51084334
49816018
84242237
43698784
38233817
50487993
26576824
54011374
6978607
40018691
26170160
32096311
44887882
55035491
9436720
64305137
55772447
47512386
62244931
23252025
41631424
4715854
45631558
13069080
47095309
57547565
57376128
45487438
58909887
17783237
1957685
56577430
63426775
61518311
16798363
59163365
36325825
62778093
23987884
27379298
65157016
34000653
4215122
36018783
58717886
45788044
7884783
41794850
18258765
33966835
29997710
13888986
19068050
9676501
18158233
69361655
10531169
33819157
14587164
60168332
68101693
45981210
56674143
26952492
39854380
39152642
7368310
32746173
10880246
3695939
58824074
70757302
53306459
40562898
30461388
66414943
30884347
81512331
56327908
60601356
68483246
106888552
12210442
46444765
68711851
32869533
43056040
33269915
44773826
33682627
86753274
26826516
62241926
56441433
33859401
64408575
61475072
75082293
37211668
57734255
63434050
74968080
31650876
50787647
44421885
15938927
15664970
42551367
8421829
49938531
34332355
23885196
1111384
34042328
14632064
32749355
46206234
18335557
52848743
18264297
11640871
20973220
15933928
33467706
61921993
33682499
58370236
47953015
8425010
48753235
41323588
37076081
45667390
14438638
63379615
43585827
54492010
15525605
49980660
2183186
7513366
65476653
26956039
34678642
13605606
51546809
68136958
58796117
10563451
62656336
24386439
32190412
10824298
27465475
14094821
56332873
15159159
36650297
70926297
65545197
62204384
14669161
37652335
13993944
64290194
47316252
45974132
32662929
33964312
52745713
46926203
29866190
13135964
11637907
14872379
67819192
68352883
36602694
66349727
65799052
56272241
34673810
41516623
12657657
64315540
37219046
16966329
18556958
6115289
66105160
17486944
73273412
938509
31798069
76916376
22095964
23857906
50225742
26592032
10624591
32009197
57490842
60026793
26315214
12635190
50442372
41875618
60035805
12094814
39002534
4191070
54798381
4246856
32560109
38290220
58979162
2775362
50437999
64886902
16936998
8456558
61699327
68725445
7298277
30764461
61947099
26738889
36374659
71400398
32514313
6865587
52763378
66240055
66067337
65478900
57478109
66088117
67054564
19042100
74616764
68928321
26738781
26418295
42293579
35541289
37692448
30841833
63413387
32473927
56627652
109648573
11684754
51238656
61897357
47338092
73511558
34928438
40283235
52313580
60038304
54945474
49973944
69039984
47827212
53629769
48087174
4579542
3867448
42891096
59315635
70993669
93321688
68621077
24400698
58178892
53893258
50382438
73018059
108986534
14688467
70272184
34308231
32191239
66075481
18458467
34110872
33956710
65076752
60187544
42909594
33001256
49580827
28930678
65557508
18136635
20537848
29520024
57356630
26166273
45258983
34126940
67519480
32539259
64706683
15337671
101937717
27731214
7637730
41892322
5805586
66451762
54564546
3767342
45778677
12698384
71469839
30885731
43416578
75957769
47847536
50928181
49113609
43227826
72519912
16437525
31840466
29649906
25215336
68776389
63326925
48958733
18484052
15406112
50628202
65387930
33781232
12092408
32850169
31899333
35056003
33722799
59132867
41229941
27352902
19070746
60293971
20750308
36585102
71105606
23531424
979111
37019070
54715159
11921038
36908566
16578569
57952316
61923749
5358090
54087895
65506908
58929227
8668494
18461031
62435384
4361105
51009453
36832351
36638689
65393212
108324860
107517259
76208708
38928832
34022841
32671860
62121233
58227125
55521250
64353449
64194716
68109482
18503454
2130022
48255255
12275815
8862062
46028080
2507738
8593533
36976559
45038306
68550259
54199363
30532865
24416027
66075225
3037029
62589788
612383
45133719
29235076
20366045
67332106
64322724
21839049
14472662
7531513
30828975
5177148
41581367
29164973
21305660
29673026
72584975
50419381
25003590
41053845
34979606
63427672
54080890
26801707
46086075
1186231
47705414
3378287
74099899
55111633
44748275
82841510
12044568
69469024
28771293
47372330
48971816
15936999
15747490
10819945
14376944
70270547
65510976
11105032
26035077
48596849
11271835
65140223
109731366
43111765
20837760
60204263
59093018
52228920
72982375
68188851
53910115
23326553
67812409
62929313
54186085
4618064
16575465
63320033
26913615
43053790
12132941
2092476
48523395
35257835
38760703
37484391
39011315
30562615
67772222
58847959
75889060
8541213
68628253
19077802
47967809
1942897
3359912
4587820
35472638
69885634
46080691
283388
5189770
15004413
65785969
19592810
18992142
18302797
6260270
29581648
67932338
12480532
54225727
16578408
26785089
58725804
72735710
15138217
32692961
58723765
37551252
61224040
13334620
32027224
59609732
4765190
8207995
65364094
56646616
21268722
4226488
16432169
56655308
39928141
26823317
32897250
12250039
45665045
10809496
67785632
33252530
74096686
47732889
23767596
59764609
65523650
7569120
57370590
11386094
68966879
53642890
32028644
25118556
3320622
24288064
42975230
35427971
23067244
14700503
40163515
14959189
36695482
54921894
63547386
12671209
76915300
5398088
56305811
60240836
75849369
92687428
19681754
60562551
68170759
73644935
15946161
68171126
37121567
36499217
38808862
38400543
26935169
25177843
36690316
72848400
50562615
63324388
37276077
60277074
46927176
56274282
46009185
5383320
48016421
75347105
67981104
49263595
69542085
8280977
59628858
59005226
48422527
48320786
11828961
45702472
39935819
30783800
54401139
13089740
50371894
49593109
8979886
16683510
7399229
67160727
32197657
15162480
69584174
64313124
62130111
32853949
25272558
47731186
28314754
50213086
59397596
50440295
9575151
32539254
13891296
29153471
47634055
32201997
26201156
71063239
68256279
10605038
54217078
60574685
16601276
44321225
40121953
7388711
60806122
32557183
58575942
2461382
4227368
47190125
68675436
32066898
43424242
66858774
15342593
3552807
26403831
37324118
53175054
5661657
61598554
3408169
14603230
65548354
50522870
49090186
10617948
4111960
41201736
10494370
40013331
30073484
12922780
25321076
19426675
29436195
12964203
33804641
36952774
69579088
32547525
32356896
21794742
49921526
32542470
47908060
34151347
13651991
14676469
12522270
68544363
1027603
70079802
61567967
61078590
8620871
31806573
2450124
60536098
39683256
48432215
30502557
59193645
55052109
72438415
15019096
30074827
24449942
96380100
45990235
43501808
58573486
3784939
14532557
2705358
50203103
27340051
49291662
43296674
54358372
13527805
47762403
47328841
61652028
32529523
55187437
74071923
2917539
40788563
9120397
64853027
62161845
69280990
17171011
68016365
68132415
4558706
36336191
60667557
5569448
18612769
36980979
10321992
9263928
50035286
52782737
24168697
47989486
4509923
28564459
6251184
19029154
64000933
60237174
66152480
4514355
4355615
51717285
74637119
71564550
59384262
44535191
16224663
16035428
4213451
41337315
41290708
50877738
45792586
74057975
21927057
59903871
63090137
47375621
64172903
11201095
58271217
56566726
5425910
68662146
9440237
75706540
68333890
38645260
18775157
14578886
56631361
12686113
2914873
58550017
63349059
68111562
3727020
58865349
14857116
33979489
32828830
15798259
25447126
2249677
50397454
68155219
62740592
70487055
2672488
38746842
63021683
63859653
12662877
35039010
53656026
35967944
60420981
24282591
48275014
38967325
72787513
17311983
787231
41763640
62645912
242057
40061990
4048310
13437468
19057470
36312527
2017142
30506001
9328604
34512408
2102529
62215472
34129540
18517502
9340054
67777698
27678129
32247878
64966437
23202839
3073690
32268827
45105675
2132838
54241155
27832644
39554362
67544272
40264725
58519529
7178819
752342
44461728
2585077
37677067
70315980
23484862
31650225
70679707
20457292
47201616
16249836
23506156
43581733
68384212
14588852
29909653
13804454
47841922
48315823
20517174
22968031
41067237
65894971
73513414
32404715
8588353
105842284
70489888
20517173
1109950
1184544
63298468
13125889
32036099
62606110
36653357
15334443
50631826
49701265
4715115
63834689
59772333
27456576
71403972
24374064
45892867
4070776
28202759
75567512
17141162
64491629
45982757
18497479
27206987
1989221
66538656
3053148
21062430
48402353
9737191
45247552
59180117
13534583
73546360
45937234
20798181
68567660
32186297
104133834
67286544
32356657
42920195
33400913
91767596
33646092
57858222
51037183
66205891
65556500
62723229
12044622
19075393
18075176
58195865
30842234
3277032
12803552
47984164
44865555
14852057
10160306
38406117
37027159
24142167
5121786
66680414
14581256
24169114
71561093
66345588
21315175
67307970
35331020
67156508
33233006
56411080
50730938
75741635
10600742
9561396
59324653
62073722
61487375
41759264
4232820
45073189
24725446
104257475
17241160
45670602
62592716
53919216
24966445
47819497
42463335
24406547
4238217
32426995
37641400
13790746
30779637
2455004
65421186
60242206
17657645
34376496
69612030
21402193
53658360
63426305
4286297
71027169
21767943
6941810
30174733
91984924
3239780
36615788
36332785
50993235
48972211
58966024
28016406
58261763
7247168
102315877
42535540
66547692
18739749
37211186
66161467
8514477
58743408
29259147
30375555
1494571
37677861
11419804
16480412
28948840
29225371
22083161
73191529
24732328
1305991
48852221
25122468
43486220
8624158
66112103
22119117
36391484
2678025
56457409
27518875
45661689
38798419
47764629
45725663
33893518
94266984
68715251
75107605
45142808
18956089
42506576
47703183
30498467
58344135
56419849
39990612
45252212
60076309
23403730
15077589
13460077
16986118
4251711
30921185
47954975
4307835
47756121
6692399
46651527
18986387
46178450
21417309
67856398
8766664
31502841
102532591
48167628
46014553
41880831
32141614
71439954
26209734
36301909
33528877
26514211
30364386
72796691
41888847
70598222
8743244
17024747
3008979
8585490
59387006
12498871
46383206
17832436
11738331
31903018
63249969
35657141
68734687
32206260
7774405
13542922
33667302
74797689
72874833
24290618
42890866
37639838
37142140
