10000

100805378
18992314
7593374
63838837
71905101
14966549
16700354
37154031
47308094
47779170
45989206
59020235
59449794
64108036
19325021
58828070
54460901
21171180
54081722
72234742
24286692
58515144
46801897
72727082
23289040
36414245
33069049
64717634
59854817
33501049
14642110
57525763
47739255
78587972
4139113
21422182
54208077
2372465
59474184
46549022
15027666
62606110
14650559
58439661
24732530
33781232
58955289
58439388
68580651
10388690
18266775
13123163
838035
19340909
8770793
9332326
16435101
65791147
65500969
56839786
35143105
34883459
8765171
15094500
2746989
33812979
35697435
68988207
72295624
33966310
61637543
4435789
14951946
33533605
14961686
6962157
2734787
65104785
65170880
11294643
18052124
29592415
54785779
33848172
57539639
65387930
70227334
68636083
65534356
27163707
60721492
58547141
58473243
47767129
18565255
18670954
59185601
23384798
58532001
24169364
41787610
40645324
24414779
32367495
1722368
50359170
15652103
59294830
55151969
54735306
8766664
59487060
21289316
33975664
50455572
40547021
19424114
32540920
31522606
47749949
34568685
16577843
24046841
23252025
11316729
4236433
33402960
62303801
18517502
27804042
46769938
23289013
45206776
34595995
68992187
55153511
45981205
76829666
57503534
2666853
18971186
58962879
54093660
47718955
26208553
11987732
47922127
47717189
47837363
34135082
31798069
47835739
15132755
26357819
12210442
2786082
75362672
67826212
65102323
31456066
15151019
74161749
53750316
19506268
18983684
37692448
54835778
26186677
47692010
33184991
15040883
14995045
25883286
67170645
57502730
76392575
74933329
15387830
15117809
58886575
23203898
5254714
17785639
34627738
54788572
54754980
45024961
73664053
18011039
62616251
58531422
21301319
72306551
72260864
17840105
16716587
54763677
23252384
11316235
45152433
31576163
30366278
58449997
22991866
43059304
52394565
52316907
46796062
33886955
46245564
46009883
14677471
50371615
72278335
64301377
31774962
59874815
50708529
18988983
4249340
2696342
36855681
32038799
7592648
28199014
24386812
4808878
18470160
68429550
58897512
26375510
2669980
69278641
59450087
58444748
45244686
47829407
2848013
2680542
18948710
36353578
31780115
3959520
15063473
7528407
3696668
47733977
40310281
4909276
58800763
54707705
3224289
46210642
11032474
21437670
68775176
33441448
59973156
14529683
54492010
47848688
18970489
58925913
28960382
57524401
54725612
11984340
11254102
37148766
36349240
33986944
28297639
68213277
2080304
65542578
1976455
56447306
12705612
38867877
34505716
67820005
65414320
15663989
54242537
22141765
43518895
75225352
36106177
15106275
58920012
58541033
57559274
51567455
50197778
46229633
45987176
45054517
33812072
65685415
59444237
5791374
35048176
34628362
57534014
27206987
52546167
12216655
47677768
19093485
75694526
37093063
33904909
30831070
59994169
54176169
40730402
4924199
74873325
74587429
65544717
59548005
14852057
35133401
15391129
15165160
58879242
50385097
23379189
30917240
14647755
13891296
1720041
41631424
40807168
57876644
47750161
20559369
37739941
73752370
18025746
6872435
23590409
5773608
4776196
35242969
16463603
4113788
32766833
32533329
64241527
63679092
29476010
54979041
5067474
4194502
67069175
16450697
65548203
58851058
26454953
51382212
22655440
75029993
35151244
34567658
34358401
68097565
65175302
32546329
15140986
59751380
24170290
76974646
37738053
7712356
59995382
59261192
58953270
47773243
23836789
10351034
72365553
36023579
34148456
4227912
33377220
32365684
15147177
15008124
75840072
72780567
2137617
65176327
54254635
22794454
40345930
4785045
71000649
33961212
67249142
15153822
14994325
59170976
50276445
11311213
22608078
42136209
71023987
67312527
15666900
58966024
58849369
57676576
57547456
10342982
39883189
37112491
36427005
34571707
33829405
31732903
59674515
59276530
58550491
57499156
54791371
52314949
50490317
2953974
2669348
8420923
66212096
65440156
65243692
58975832
58890070
56090095
40342554
34625472
68779219
16443720
32356896
31772882
54973486
26509558
52704139
24294880
47800246
23261092
5363210
40648363
39007593
75152989
37455366
67672980
16466781
32546712
63785444
7569226
15066305
15042352
59964689
23298664
23233690
23224252
45984470
39188573
35008423
16702990
65450321
32551073
64292104
31996350
59167904
28947200
28944576
55049189
54164280
51387973
24833402
47669523
72271655
34595867
64904590
15045689
14887470
47681064
46048368
41554107
72282237
33977836
64299458
16000356
31724562
15116805
58504109
3589830
54032315
26785089
45035765
2768233
18267428
72737049
70666361
8591944
33366336
15108486
58542932
54768755
13644210
54231102
47692866
21479666
40355514
37127836
34620571
34011655
65257953
57876451
51156944
45029608
4890973
38564141
4628526
68595208
66173414
29596177
27038220
49597806
46539351
22713164
693792
21482039
10416275
10330695
40129180
75149026
65682669
63730512
63427672
63359079
13350224
12684013
47685912
46206968
44827595
20587172
74462360
8428634
33083940
65900748
32524075
31806573
31490421
15083812
59469580
54229131
23753014
23282233
5407154
9334106
8765063
34886109
65440363
31489138
30922117
1914394
58930224
58243402
57378601
12687289
50615612
40650437
63434050
15763087
15119235
58477683
14578886
6963405
27134599
47741650
65538065
32521416
31862708
31723285
59674284
57477892
54237526
12500500
49180513
24163854
47755065
19325346
18950560
33804641
33657918
15098043
57538247
51407579
12790244
47762749
45964752
45052723
36842547
17921045
66100596
65684057
62620589
7642679
29330834
50991055
25013325
24170581
39766455
73433959
34552541
34511927
4248623
65435261
31780623
7422725
58467024
54184145
54094653
51482927
43417275
2672345
40690632
39901947
38359802
18956239
68665852
67213544
65522897
31555644
15041575
7518469
54816252
27104217
19174781
9569019
9340054
18386130
68079990
33783233
16563782
32561820
63322551
58468423
54225810
53928399
23296489
11335933
11303764
45165530
2678025
72214029
68394815
16695957
65148660
15131218
14986016
14635703
27753150
54225476
54208572
53606021
13004030
5689839
45041756
21324439
21313531
8756662
58438832
12232371
46562061
11261773
5380978
77211402
17922987
70998136
35132993
8749560
34242081
68149866
67550428
66100129
16425371
65439986
31824729
7855888
62681316
15119415
59357769
29499627
58596262
7295678
12148424
47679449
23287003
44641713
19140725
18400751
72813304
35008727
68455155
15128024
15045275
15012819
14943778
58981257
29399553
57447296
46783098
41729278
4912280
35248041
2081893
65708895
31825623
15105418
55031715
3373058
52325313
12972848
12789096
12223461
47795390
23384759
22607630
11255084
40111962
4754683
37742581
72800416
69540271
34135264
68170759
16798876
32775407
65429211
65416247
65248975
32042328
15705684
14961465
14865158
58898744
13345929
24388321
47917030
23839451
11788599
42413927
73045446
2130022
67772289
1057906
32552103
4014575
15652140
62604089
30290526
15067166
15000122
58085943
54754365
27139416
54207519
23237179
45945363
2836144
10608302
40481302
75159083
37267664
37117452
18261413
72812957
35542803
35152318
34630133
33673615
65173237
31479784
15158256
58822910
55132305
54707565
54186729
3348796
46427653
23147981
41832184
10338602
40078471
74156979
36961618
73279624
72510497
34597537
32802942
30932686
15106744
15036747
14941577
57675064
55154899
54972977
26225536
12223959
12184543
46227870
11312601
43105376
18816174
74488259
74446100
72735527
4452785
70835298
35119480
33884289
4227368
33072152
66118361
64998904
31789603
15122608
59471897
58947641
58919535
58906364
28960504
57331880
56519157
6963164
48333141
48259427
23390638
39881391
75277423
36943247
8773289
8557683
66081206
32700495
65326717
32522878
32344512
64295951
31779829
59979283
7356567
28223522
54825998
54784184
25047938
11976133
23256943
46494762
46224255
72757522
35154349
67669519
33822957
65339011
15698621
30358221
14946816
58897870
58864359
887275
28102454
54715173
13459944
26772301
12512032
12255722
47758472
47725033
22973804
40119602
75806580
75680181
34162291
33699301
16480412
32550788
31850875
15656715
7517266
59849547
25271616
46239740
46061461
46002333
2681372
2646625
18956623
18950556
75037229
70981551
8747233
66641564
66226846
65224365
65164503
63973619
31797907
15120741
59206200
56919436
13741585
50998674
50379186
23233571
22972333
2550044
40573140
74488125
36968371
36636268
36077728
8763241
8753183
68201795
33836491
33197180
31485887
3906022
15381646
7613042
15134512
14995492
59459471
14835885
58864757
57767045
6956555
54748007
54248153
26411259
12689525
49496285
48395440
11304336
10819656
10797229
41139150
38556424
72715222
70295981
34906310
69606858
34425789
33811515
67077458
16717254
16694076
65677515
30968473
7556108
58560256
58556931
58530722
54153862
26508874
3140684
47663989
20457292
599485
75019538
8754780
34615652
68629843
33811597
4205719
65408470
7527438
14978835
59474490
59364516
58883403
57675831
6975508
27064645
49093368
23991069
47668023
23388297
11316852
11280098
41193373
19470457
37735624
37107009
34514770
34148452
68145891
16699176
33158912
66245632
31837587
31786103
62650106
15012140
59475925
59294519
58995297
58562979
58552220
14634107
58441105
14511407
52930597
26208387
12491860
12255387
47901963
2991012
47815358
47686045
2936614
42441765
75484400
37288038
37121567
72834479
8769357
69410055
68176501
65452557
31755873
31459875
14958717
59739911
57652935
27960569
54768304
54213561
53995832
26981775
47718897
46048935
2697659
41162482
20173062
72873763
34840241
34532348
34105411
33943148
4241423
67807111
33826641
66630811
65435990
65033435
16225547
60640877
14692958
58438906
14587233
13402827
12983158
51500418
47787595
47760602
46762537
23298935
45999753
2772340
21475717
75871559
18561623
73305338
72846168
35233438
34598157
68148400
34042328
33954035
33869937
4181288
65526616
65388272
32264126
31812359
31812324
63106678
15661980
62603886
58967427
58875707
58105762
3496096
54163969
830578
26250038
25959932
12193140
48527293
47668544
2921963
46392264
21325917
5189672
20569835
40657157
10138155
19869025
74490278
72860688
36312527
72158841
67890403
16725721
16688930
33229108
16443866
32797857
65433945
32268253
64078115
31970014
63692498
31733575
15084499
15082696
15043004
59482312
7316011
54834781
6836794
26141667
51000552
50772407
12557918
24661394
3026137
47709562
23235685
45979814
45949795
11321774
2738761
5398088
5254274
41093667
39899931
18999079
37880361
36430634
36404809
68776389
68446751
33792982
32399950
31836817
15114051
15043489
14958269
14938221
14821883
58999678
58555888
58534857
57673744
13914558
55141806
53551660
23428912
23411756
22983621
45949279
40517963
38050750
75758315
74895295
18354690
18009665
68653928
68193595
33986355
33918845
33385740
64165774
32015932
31742922
30577251
14938099
59432239
14848717
58923597
58877246
28945153
6979238
55808374
27555199
54829524
6853113
26336507
26301019
25010006
47796703
46753780
23300106
46266349
44325280
2767712
10620318
20958364
75969438
74090760
72800347
72798587
72201576
34632051
68149153
16581820
33057790
16432352
32542871
32327995
31834181
31723524
15740744
62590530
62011450
7593446
15119546
15018495
58968021
58574131
14633667
54195360
54053588
53925595
26029997
51021300
50985604
24971144
24385466
24171661
47859638
47724302
23388202
23283151
45974109
44892952
43108302
40438646
18801728
18768823
37513479
4664520
74552804
37138335
70530912
34226541
68054688
33429565
4148742
32775939
65316763
65168125
31873823
31839634
7952198
15666849
58538078
14572470
6966455
27767199
27224515
12211374
47923312
47869770
23417024
23250691
46235581
22009115
42139981
40258198
40245285
37211498
36962804
18261059
72844730
36024775
34601578
33974672
33809408
33782623
33059873
62154009
1926061
58658047
58477143
6966170
27186120
27130701
26989625
51240320
12785524
24293268
48256088
23900465
23285569
46015392
46000543
22791405
43410239
21173214
5249037
19680890
75972858
18988747
74918765
9264166
34031233
33975718
67230821
65526934
32749574
32426417
63766511
30540263
30458276
7567610
15065053
7514509
59247227
58999092
58908789
58521246
14624483
14613086
58450795
58440900
54996121
54724923
26222080
51638492
49008215
47815209
47786561
23384298
45981210
706637
20578725
37480482
72218748
71807854
8773809
34892929
8635308
68625753
34003439
33808538
33202544
4123180
4119971
65405963
65400691
31513731
15080856
14786840
58823781
14690656
58718716
58680970
58449081
55204202
54797005
26839695
3315629
26389444
24851504
47872146
5749396
11321742
2828653
2795772
2696678
21472614
21292737
40061990
19344592
9517145
35489335
70752722
35133608
68217598
33677434
33567597
66316550
65683672
32268274
8063386
31826124
31773095
14975160
14957060
59082807
59020511
58857305
28937920
55142179
54172610
26912637
13321165
3185984
50375500
24436010
47736216
47721437
47275071
23235649
45991616
45795298
11350575
11309127
22601487
39887004
19309166
75257839
74383491
36403051
72241982
34913099
34677418
8646401
68400622
34162371
33781695
32757534
32464440
31917099
31739796
15081885
59864175
3695939
59112221
58868693
58836649
58467681
28282889
55015177
55006325
6846953
27185040
54232924
54151162
54078023
26396336
51559208
51302191
51288724
49130974
12193175
48094046
47669252
47665821
45993535
21577635
10346029
41294819
18988480
37701545
37147725
37138875
72716507
70945563
35008955
2129821
33931728
4233361
16468686
32653544
32568014
32557183
32533052
31766188
31744583
3954921
30456137
15121826
59388476
58929227
14682743
58500253
29176786
29009317
55293793
54722709
52373322
50990868
47698466
23698207
11592844
11336257
44700984
10805897
20562913
41068820
40569267
40264725
77403412
74120446
72845052
72163498
17989256
34599645
4286297
68454080
68148729
32564553
32361982
32317007
16094501
31877447
31734159
31481236
62592980
15152448
15044779
15004413
59986228
29657079
29499266
58495795
28242548
55994152
27963960
55564511
13728805
54240785
54197225
54171578
53672742
25434382
3116301
12062690
47855261
47688355
22941272
21300536
10534562
75082360
72793544
4479952
34627165
68806420
2144890
68256774
68169603
33702691
33562810
4194363
16633322
33110008
64290269
31939501
31550866
31531730
15441348
29645847
58909887
58880380
14688920
58554887
58476667
55260924
54986194
54800588
830810
12704700
50390600
12120258
12116433
47873891
47755963
47422087
11350459
45034967
21371012
41322097
5121329
40392946
40054710
39902239
4938227
75020600
37142388
4511892
18030840
35147996
8622896
2141315
68428874
68097090
33993183
4227978
4185504
4148817
32751618
32523879
31455249
30624989
30468806
15023803
14941482
58996294
14672478
14608257
55957875
55614979
27752205
54805042
54791368
54188892
54169175
51130429
12719977
50343556
47957716
47709054
23148246
23101245
45676915
2702268
2693345
40498143
19291421
38165764
18650716
74463622
36669233
36605070
72869453
72843946
36324441
18025991
70743534
70630058
34916513
34625565
66824250
32820584
32787246
65559867
65452482
32674772
65335803
65229120
64750803
15992025
31853257
7858516
7857747
15169620
14984336
14945399
14937277
59178969
58925611
58914783
58873371
58544265
58472242
14524028
57884114
28241319
54722075
54241742
3377150
52353886
47924215
47826692
47825114
23504744
23423502
23288669
23278379
45946503
5732791
45127793
21475081
40337187
76751988
75656518
36863680
72717501
72267896
17926407
34621277
34151923
33934287
33867504
4221914
32521756
15941761
31854826
31825679
3958852
63245685
7869169
61652028
30620178
14962867
58991178
58906915
58858516
58822563
14522350
6962456
54785813
50991089
12445361
49169272
12169197
23302788
23247076
45160273
42414042
10354497
40055861
37822881
75229892
72748452
4544937
18035062
71058033
8814809
34955650
68655050
68049446
33940518
33845761
33830105
33778221
2107289
33071527
32489052
64905598
31719876
30902481
61784728
7388711
58977851
58941007
58927375
7135508
56368092
55024642
54775168
27360260
3376979
826686
52084220
25491349
24152193
47816685
47761108
47666424
46928127
46549646
23147494
46131748
45163870
40649315
19171920
75204688
74477302
74088628
73064441
72853683
72517377
17841090
35653546
70341093
17387822
34126841
33791008
33510926
4178724
16698140
66109251
32797585
65522130
65273420
32569456
8054714
63777621
31740379
63120903
62993605
7868522
30623191
30557883
59472392
14791886
58545278
14609511
57392094
54732422
27336628
26309625
12660848
3097159
12184481
47871374
47767929
47696923
2923260
46258464
2664480
40774725
40680605
38863240
37994209
37280271
70272772
34922066
8596641
68124938
33801089
4196015
4186730
33190709
65500726
32515993
32342125
32337246
31991611
31753581
15148340
15124602
59980662
7380887
7356129
58493792
57582257
57579437
56813842
3547083
6865142
54828796
3353461
13402845
51501611
24837400
48302627
47868775
47797409
23279869
2761985
2760876
5369027
2663864
75879435
18827518
75211648
36864194
73126271
72812700
71902857
34613693
68776740
34032771
67845604
67346578
33310518
33077875
4107165
65539015
65413812
3957354
61962836
15168903
15156549
60108046
59435709
59264458
58555089
58509867
58509361
14617753
54994175
54834673
54826597
54167931
54164133
26235471
25951756
24649429
24423087
12211475
24383650
47719783
47692847
46395336
22991604
41749875
41112097
40995240
40484552
19852170
19328535
38297454
74744923
74577135
18373024
73300449
73062501
72520468
70907144
35253181
34138809
34041540
34030879
33871830
66208670
16478005
65515238
4091860
65448189
65429099
65409206
65385190
32338985
64000933
31763376
31572691
7868405
30916182
7628056
14981809
14971221
14940496
59003796
58851393
58823350
58080897
27753754
54212281
54153252
51231275
25346846
12225319
12181520
12079165
47840490
46210618
45054115
11243757
43191021
21558676
21421632
10336948
20625631
19093985
74897252
72281716
18059149
34034806
33998514
33996669
33981514
33882213
8414248
16721109
66118342
32410100
4032082
31834177
15541797
59994919
59003048
57543825
57537706
56624773
6995897
27768418
55169542
54818855
54764247
54752424
54593773
54210554
26484704
51537494
12847640
50990714
50387653
48522465
48428977
12032510
46603986
5803784
23202080
46028080
46026515
45989025
45948227
11286389
10882189
41827555
19143287
75279827
18775157
75055528
18657109
37266183
74120744
73744165
73045078
72861590
72837406
72784473
72703472
4509200
17998402
4443274
8754915
68146863
68114609
67831950
67772991
33381588
33352940
16448042
32781113
65560676
65555868
65422904
32427262
15994875
31796965
60321016
58916034
14700503
29396353
58692687
14636987
14633872
7314678
58511236
57476978
55957791
55257225
55022460
54836354
54789577
54738215
54162261
26925543
26445413
50397141
48972794
48699680
23408445
46748125
10444106
20243933
2484735
37991076
37171534
37144774
37106725
73733676
72910933
72738828
71915542
35726730
68561538
68141031
16463371
63871059
62589591
15022350
59182501
58964402
58897516
7355657
57662414
56655982
28255615
56011329
53983011
26461229
47864710
47755670
47498532
46884124
23369144
46722921
5635516
44838583
2773302
21417476
40131549
4825646
4783975
75501983
36979966
18479650
72772568
17897984
35002056
34904838
69134454
68146269
34043161
33901957
33882065
4205244
33497373
33042108
65433181
65415652
32513704
31740013
15705067
15644674
15041602
59430203
58964586
14695876
58590636
58558732
58531820
58454322
14516515
28593643
55162098
54758276
50793917
49202214
49130008
24414709
45983350
45976548
45971921
45855889
11259599
45033768
20620605
40734008
39895691
1138659
72307311
72296934
71883413
8685767
68396771
68104091
68081433
33967460
33965795
33367342
65799446
65500265
65500064
32741896
16038612
64109076
63552509
62718430
61815847
15340840
15137795
15078246
15027970
14982446
58505844
58476948
28943912
57661833
57493987
28304073
6968710
55193539
55164650
54981906
54249225
26463775
12633773
3043023
47869323
47691790
23776879
23313367
23284290
46441348
45984614
2830906
41985880
20691972
41241878
2555533
10175044
40626359
40071763
73306559
36317160
72205745
36020001
71913175
17785307
70919462
34126882
8525592
68163160
34004137
33997470
67851529
33920505
33882176
66170933
16471677
32787970
65429730
32558561
4001328
63133355
15644162
60667891
7524795
59480980
59031046
14684189
58531075
14594829
28222415
54831706
54553289
27121872
27091527
27078952
53672057
52344040
51379600
50625196
6168382
48522089
48520420
12031147
3002181
11990737
47726173
46280334
22587995
21445710
42140546
41844836
41195279
40334086
2512940
38240095
76209545
74569070
72735797
72212767
36053771
71911833
35143944
69499881
34590156
68993222
8582419
34145063
68168871
68110744
68079352
67973733
33939931
33907263
33829186
33824982
33807572
16885608
4208148
67096975
65515064
65171389
64305439
31944172
31688450
59900626
59270317
58967818
58966967
58951464
14700861
3661077
58162390
57390098
28292951
27959003
13734373
54738485
27357002
6827168
52317188
51421533
51035306
50438545
12202356
12201094
48254575
46803576
46427372
46411426
46389871
46309535
46173714
22992454
22669267
45038646
43749665
42188901
20974194
10462424
20683720
10333780
40118337
19341694
77355749
19330287
75263210
75140923
36964366
73295792
72282590
36135320
18013458
17959602
70315980
69557899
34640358
34616351
34596917
8586612
2138621
68078733
67598076
1055942
65517207
65503582
32700048
64241253
31932958
31867339
15643030
15361810
30431129
60517497
15067935
15010711
59991749
14974376
14946641
59669534
59364279
58495463
55188885
54794520
54130851
54059178
53661873
26441885
51404042
50767966
25348890
25004583
49845706
48136616
47926653
47816500
23287381
46036075
45993047
2694494
40557471
39179314
75762399
37733999
37220098
37145312
72738532
18073485
18066126
18009604
71944755
70758820
35104034
34635497
69196264
8618665
68700315
34126892
68091788
33777525
33773623
33669911
67211478
33537290
16719251
66081033
33016914
16413853
65519821
32533028
16229884
8054213
16100642
31071570
60473610
59170251
59029836
58474759
58211674
57661661
27777684
54821818
54768034
54746518
53763266
3355593
3349294
26454422
26403261
50771234
3125057
24418962
48096155
47920912
47758413
47706730
22976437
2785963
2767495
10821170
43172766
41823125
10331736
40720497
39895793
19338171
4803819
38125041
18999957
75424040
37167348
36850261
36435982
17938758
4418988
34585088
8576027
68408954
68081862
33990542
67843905
66573164
33201469
16579475
66171698
33047415
65344955
32548346
32539034
32521956
32481920
32355554
32325172
2016381
31797839
31732306
63118780
62955446
61800759
30735455
7532848
14994178
59901930
59112436
58995842
58905668
58549206
14632740
58459810
58453179
58440947
54790040
54710838
54217457
54076284
48339349
47765428
47738504
23696632
47306930
46364749
23149423
46224375
46048214
22992111
45964695
2860904
22069667
21100972
42138192
41285144
40482251
39865411
38554718
9604102
37125822
4625749
18483801
36964973
36792032
72301665
72158891
8768631
68634202
34027328
68049051
67843727
67780819
33844067
33782692
4193295
66675575
33058302
65533835
65514892
65471641
8069131
32186388
63988864
63411494
15660526
15162673
15132934
59437148
58860536
58794419
58423234
58208691
28955083
3591202
27753474
54988565
1709429
54393500
54060489
53067291
26533098
13129841
50772020
6051706
24176059
47755100
23826592
46886406
2925813
23302057
46553774
5767032
46034990
45799482
11329403
2663324
10115242
40433530
39976994
38929634
19016252
18959891
75103213
74550455
37155203
37129763
4636423
18402385
72907512
72855080
72793812
36299252
18004842
70965788
68407308
33916905
4230077
33813182
33773648
67481300
33366973
33196586
2043420
65174964
32182930
63900961
63862429
63781426
31773768
31588912
30522957
15117080
15041514
7436330
59473270
59339616
7378643
59003845
58819545
14352782
56083335
55173274
54774414
54719968
53899982
52970817
51014763
48919800
12210875
24280675
12072383
12010797
46075558
46023051
45949055
45947161
44926225
21435388
10617200
10607676
20612570
74598195
37148803
18484629
73665608
9107549
72736398
71117632
17455462
68133923
34015062
4198212
4195106
66813958
33253091
8259864
4109126
16413586
65526449
65515318
65445137
65392407
65168121
31951616
31819607
31763245
31535038
15655212
62283672
60472227
15038280
59508178
59073774
58964413
58847707
14587511
57530419
13895552
54868422
54790847
6836432
53984549
53671645
3353490
50878769
24773801
24289033
11973429
47868407
47761961
47760803
47679998
46906186
23444055
45955831
43169795
5355903
5250350
41087849
19345457
4772631
18639021
72217178
17991780
17900399
35146522
69469132
2170532
34002885
33956710
33935635
65539176
32746173
65441487
65291396
65229634
32569558
63548914
31752077
31723370
63036070
31499086
62907414
62765878
60912410
60750841
7540781
15037685
15027219
15025715
15005544
59453094
59381554
59133901
59061929
59021617
58827364
14631990
58469057
14523276
56353529
6968663
27679306
55052109
55006906
54789661
6839203
54175146
54166691
54047397
26906911
26850501
3349740
52689323
26245435
26198224
50662366
12470210
48527737
48088983
47789567
23459313
5756015
45946767
22794653
22689678
5488199
5450565
2694338
5376218
2666677
41831895
40588828
5048638
77059577
9507930
37830388
37137987
36982123
73744800
73065994
18262322
72429915
4510009
71447335
8845057
34860397
68657254
68564164
34237446
68461389
34159715
68149879
68126607
68120102
33841232
67592344
67257180
65393675
32522468
64281410
16037314
3957260
62606379
61879172
30636302
15147566
59997432
14957128
14946741
58999709
14632399
58459861
58450615
13934731
27737523
54730055
27123472
24322285
24277253
48404828
12029147
48050685
47944955
11729134
23436451
46604222
46397954
46077557
46064680
46010374
45944476
45868949
11331005
11256802
44551078
22022151
43578413
2701304
21430552
5257225
10384978
20704590
40570068
40276115
39898460
4703560
37454680
72821012
71176190
70985760
8762416
35004813
69448917
34693230
69225034
34030655
67882987
4240323
67838336
33512116
16484012
32786939
65440250
65165959
32534108
64223660
15704048
62283448
61790333
61401988
15159220
15054153
14946903
29747966
7391179
58931840
58922899
14636033
29162253
28947886
57525209
13893247
27785937
27500707
54971811
27369999
54736814
54707258
54545555
26510593
13121798
3222703
51554021
51290066
50621767
12284032
48839320
6085682
48344757
47867406
47761504
47737433
47387843
47183731
23389608
46515797
46207219
45973905
11314786
5645272
45053650
22140127
2749324
10791872
42408649
20836252
10413600
1288715
40465580
40433118
40276323
39894414
39876303
77320673
9566979
75833804
37577533
4647238
37062601
73420871
72772311
72755086
71360115
70946718
8794030
35124311
8752410
34613958
17305564
34542950
68639999
2132883
34096767
68192904
68139044
33984178
33842391
16822499
33537703
4177193
66805802
4112303
16224600
15645867
62009216
30929396
7605881
60822173
15099653
14975928
59471822
58823557
14624600
58494983
58493985
28946627
57862122
57606553
28458981
6970419
13886927
27511403
55010511
54809431
54724039
54580462
54208312
54207799
54056614
53786841
3359469
26822175
3329042
26239250
25501420
50994495
50983485
50389742
50372246
25001427
49194375
12212582
12161045
48527061
47739028
46918136
5789033
46020324
46006714
22983108
11293498
11273672
11202657
43708698
10898276
10806065
20702032
4861952
19402479
77403337
77151782
77086524
76938125
18983603
74393004
72924618
72785577
72727013
69606844
34621734
8616653
68751764
34146955
4246204
33842487
33803978
67477665
67074182
66791479
16655909
33096153
65677186
16361886
65345571
32340752
32019598
32019346
15994676
31774843
31752160
63153976
63142718
62880957
62880680
62603523
30732883
15079794
59461702
59100323
59039266
58522474
58481870
14579369
28944188
57433495
6963417
13894325
54732378
54242397
54242276
54224582
53911023
53671939
13378303
26185382
52220164
12821426
51029057
25367512
3148969
12377984
12241058
24427896
12206047
24280536
48037625
47823489
47678866
11831533
46227202
46035845
46035310
22960167
5689951
10799143
5381416
21394554
42431103
21174908
10550465
10417151
41515347
19895918
4828183
1203963
76785739
18965647
75140740
36647404
36415065
72756328
72664064
36307611
18045887
17806227
71119969
70710829
34958801
17470386
34602485
34545552
68401117
68132988
33935427
33915143
33830379
67484878
33707637
8420633
67216235
33432036
16715139
66792125
33365528
66098377
16484118
16466019
16447291
65684097
32788735
65519281
65390272
4062817
4012034
31793220
31783081
63028801
15743373
62655964
15598258
62284152
61680919
15389350
30706796
7603376
60493896
15120290
60436617
15098605
15081904
15063302
15021092
29911058
14942241
7427334
58821635
58564425
58456117
14613215
57866324
14372991
57385069
57348191
56228050
27772808
55176543
55006657
54945064
54841754
54822292
6847357
54766112
54738956
27130057
54199721
54064336
26903040
13265796
25954793
24734949
49151026
24415716
11988885
47820912
47720025
47675285
23487323
23436325
23396062
46550588
46271868
5763074
46033270
22966587
22964734
45044794
44853175
5529955
5368803
21470525
41955248
10426728
40565185
20264416
40195941
39900438
39885981
39878203
39218516
39034844
39000652
19037615
75746700
75130468
4590869
73077178
72949679
36427845
72801282
18086396
36026679
71984956
71933690
71912624
71528676
70734081
34945370
17400152
68213972
34098995
16913912
67529110
33385883
65568177
32774024
65514912
65171410
32395818
32374595
64299338
64294146
31741438
31723869
15764694
31475909
62586665
30932784
61802399
30803684
60903801
30444225
60477805
15086942
15066540
15052910
60023390
59990476
59959661
14938458
14937717
59745654
14739666
58862707
58562924
58488731
58478607
58437296
56454217
56071486
55949786
3477654
55173008
55003484
54826284
54770194
27276487
27212275
54172765
26919089
53778228
13134080
26057539
51979730
12246743
12184852
24369121
23925652
47756988
2962149
46519819
23044398
45982445
11330635
44673859
21425809
42143181
41846518
41792264
41003753
40646844
19865847
38613078
76730883
75248608
75204949
75182024
37438229
37107493
72795550
17839392
71128242
35274943
17592071
4394554
70205243
35057625
34992578
8746351
34596201
34243559
34233289
34144706
68194022
33914661
67478147
33508581
33241897
8268664
16419342
65414598
65405051
64166322
15995612
31856509
31851003
31717383
31578599
31565025
7858361
7589539
15135092
60097370
15007438
14979176
59844538
14957919
59476621
59028327
59023117
59005518
58939373
58851658
29349293
14658851
14655630
58513117
58457674
58169809
57854923
57679431
13928555
55131156
55034221
54794416
54790102
27196115
27136700
54084673
53772885
3353838
53080686
810808
51176133
51098689
50990685
50622666
50436664
3086640
3079989
49169414
12181940
48527300
24174710
48283607
47873842
47806668
47687170
5881737
46814946
46540627
45218924
2741645
5410493
2694169
5366083
21296633
42169243
9515847
75822692
74159654
18372322
73079084
72793955
17970453
35820643
70951996
69563770
34098267
68121070
68079046
33935904
33871597
33676882
33200137
66073362
65977628
16443047
16434683
65514332
65510685
32564568
32558922
32271340
31805539
31754780
7855808
14997254
59988020
59840555
59761151
14937478
58951739
58875682
14636074
58531416
58215253
14544061
57847542
56823838
56715887
7002537
13947296
55285631
54804787
54789137
54714163
54154012
53287871
26493002
52354109
13064058
25392541
3013898
12034581
47804952
47678933
23410665
46773337
46548713
46027897
22978488
45042713
2764666
10806044
21475769
2675478
10625972
21108592
41201816
40521372
2526156
40257390
39875458
19113658
75141194
37259565
37051967
73762920
36627126
36589401
72870886
72304272
72267488
18011959
17977950
17895099
70743396
8808616
17566443
35131290
34632428
69036252
68800141
34010010
33992162
33986794
33962374
2116770
33832630
67073456
16485929
65451882
65418552
65174813
32260219
31884351
31809328
31789935
63001503
62618401
62607314
30506255
15164233
15132920
30244559
14960577
59808054
14944388
59757273
59731044
59363368
59075587
7380456
59023398
58996716
58895695
58861974
58545382
14632843
58500480
58488072
58450425
28953586
57866432
56449872
27527573
54503374
54451727
54184125
26441064
52342758
805772
51502876
50800426
12219317
12204004
48745537
48290943
48001418
47826468
47820442
47807258
47702718
47669942
23705309
735671
46884629
11719868
23410290
23354109
46433130
46234104
5692590
45092642
45046607
21923487
2681623
21198540
41103442
4869060
38301420
4786924
18955361
75443409
74927679
37247535
74392940
73061996
72735627
18154661
72306722
17997719
17934592
35685383
4459561
69465156
34561122
68987148
8586105
68581580
34019789
33957409
67699004
33843939
33831772
33828486
33794010
4203807
8281040
1033894
33065923
16440873
65448768
65439841
32592662
16225874
8045757
63843776
31495925
31480574
30837939
3838839
7658856
30509525
60117231
14972754
59466440
59290734
58924260
58907961
58460075
57675862
57254760
27973039
3477873
55201926
55041278
54765563
54747778
54739145
54733456
54709566
54334186
54213822
54127281
53913646
26837613
26389629
52361222
51560260
25510480
12686184
50380167
49822423
49494898
24670404
12210489
48120323
48089672
48040655
47927551
47848115
47742917
23234988
23229850
46253748
46070998
45983238
45971993
45960325
22973907
45839911
44860811
2766170
21347360
5332659
21314584
42036942
10348279
41087628
40897558
39886833
2471573
18986269
18985808
18980022
18970989
75656919
74898169
74478432
37125504
37095858
36966720
73663928
36796405
18291023
72791123
72757135
72216891
72149821
17991019
71944392
17783237
35154327
8763220
34603270
68857888
68439179
68395403
34116504
68103550
68080506
34028964
67993315
33902103
33518918
66636868
66113304
65326120
32134374
32065233
31797792
31481751
31459911
62824696
62597456
30924543
30872892
15169163
15107171
15040441
15026993
14996075
14959266
59759502
59674248
59274711
59267939
58968565
58902174
58900212
58853693
58849733
7356124
58836680
58732667
58481756
57726224
28457556
6971668
54798445
54768633
54710570
54700045
54252858
54242150
54136750
54077789
26982650
53655922
26771362
53203312
26336538
52632682
26301894
13128115
26181457
12792258
51006163
50982136
49130917
12200741
24255168
48289290
12060767
48137983
47826824
23902716
47764207
23773485
23632240
46904761
23433629
23406828
46807694
46444498
46155448
45245076
11274285
11273000
22095964
10817679
10793196
2694253
5376608
5363288
21315388
21307136
42410914
21154515
41193737
41017106
40777988
40573004
40052637
19768436
4880423
37110870
18540960
74161905
36725307
4570973
73009299
72824235
72781646
72759523
72308772
8980613
71457649
34898197
34595677
8586695
68573832
34270423
68517711
8543879
68126013
68082096
33953937
33883090
33780671
33733237
16688753
4162203
33233344
32811810
65519928
65515561
65441354
65430065
65388548
65247382
65172783
8053201
32065318
63803858
31804810
31765336
3956000
63242637
31590095
62643755
15544966
62177589
61906575
15442662
15350642
60857604
15131417
15119542
15062573
15024063
14977634
59461836
59032987
58990032
58960111
58823597
58541278
58483128
14613057
28960921
28948580
28947022
57513240
6966559
27778065
55061227
55028427
27512213
54468641
27116053
54226371
53945895
6584647
52483769
12782657
24837254
24447959
12184299
12180596
48448288
47821932
23880970
47721757
23835225
23827911
23671025
23617146
23435328
46264569
46207643
46136316
46048584
45946242
45790633
11311387
11286756
43315799
43179570
42875390
42424177
10445276
41242150
2505223
39884010
38554761
76338368
75678343
18897229
75030482
74964090
74472223
37051096
36485501
72843604
72799520
18182746
72516513
72300182
72162851
70589140
34897570
34701859
34662324
68911894
34126318
68186986
68179288
34044995
68081843
33920362
67831830
33821351
67289596
67219647
67218591
16450833
32796834
32703497
65280096
32547781
32532559
8087391
31824734
31823915
15830324
1938992
62009023
61992725
61920126
61686576
15402877
30775925
30691289
60818222
30352503
15164409
15160492
15142142
15078592
15018436
14983286
14974676
14964068
14942606
14941095
14939111
59468947
59454201
59286053
14816828
59005598
58985551
58892950
58876563
14684070
14629437
29244573
14521693
57738494
14396812
28247896
27989718
55157935
6852365
54785758
54763714
54753457
13669031
27273760
54341105
54214841
54087231
54073708
53979594
53788352
53568497
26333708
13003236
12961946
51575934
50709601
49300839
49297253
12181695
2999807
47988984
47851569
47840893
47825063
47763623
47748544
2976284
23748195
23513709
23280614
22971897
45867505
11336705
45326140
45262610
11279273
11253975
2785240
10896738
21471263
42357179
41828198
41792609
10413012
40735891
40572892
20240331
40214642
39901091
4815619
9584237
4780770
76349367
19044199
74898277
74870536
73305441
73281344
72858701
72774070
36325158
72210864
71469445
71178541
71170727
8822229
8770919
8754806
8753159
34983011
34510398
68870668
68795794
8587809
68635687
68255318
67809766
33857084
33676945
16722696
33200359
65499444
16295549
32554280
4067038
32522063
2009085
2005641
31942737
31837239
1989221
63556042
3960363
62904732
7838710
62108338
30846820
15083560
15069528
15038705
59981152
14968320
14946273
59474025
59275892
58949062
58938836
58824552
14673181
14646721
58527510
58508212
58476293
28958718
27957130
6966387
54989668
54971837
54816141
54794979
54742805
54721677
27129018
54178353
54162458
26992461
53066304
26406614
26247026
52353958
25883329
12747616
25366556
50165649
12257291
3011339
48010188
47928337
23960404
47762928
47681365
744747
47350154
46865417
23301590
46529941
22875708
11325634
45263669
11308180
5635126
11264258
44604168
11148263
44578233
22019859
43553845
43005972
21320747
2664662
21266684
21161109
5237970
5143238
40338781
19511957
19060066
9509072
18995806
75879893
75576024
75135198
74968080
74812443
37148807
37146293
37134105
4628667
18439415
36847818
18368741
18296055
72821952
72797123
72701683
72515464
18086467
72215795
71924619
71472249
71374843
69474528
69446194
34586748
34549003
34542523
34540608
68805301
68644900
68621517
34272671
68447926
34154555
33986054
33903463
33900581
33782676
33778329
33652099
67256257
33430407
66658705
33076337
16386132
65538187
32547901
32206893
62616145
61798920
61689356
60925093
15160694
30258353
15107353
7527425
15040528
60031996
14987172
14971807
14945655
59668212
59466863
59458378
59063524
58878929
58847965
7354724
58828308
58827183
57503781
28285498
54816926
54812831
54748380
54234018
54220028
54067892
54051753
3349328
26453085
26337794
13136190
13121072
26216805
52340778
50697951
50632922
49582101
24406424
24375889
48257206
47981116
47834650
47743510
47737678
23841522
46932805
23414561
46793038
46241336
46236855
46014709
22800222
22800124
11279832
44674056
43275394
2687999
21441463
2669552
10511598
20996431
20570965
2556888
40433674
40259114
39879629
19334869
76933071
18990026
9475434
18945337
75576431
75172915
75153025
75082253
4654031
36962334
73683323
72869271
72801149
18013023
18006308
71945468
71930751
35502145
70190344
8756407
69958653
34922363
34582906
34528986
68773468
68446338
68115125
33985208
33893464
33860749
33707805
66114560
66112547
16461160
65538959
65533979
32266611
64302267
64219984
62886783
61798565
30690517
15343782
60671640
15155026
15113088
15045516
15024861
59985404
14945044
14940301
14845295
58923620
58835496
58825409
58822416
58577509
58543562
14629148
14624627
58462142
58079328
57935024
56514000
28250360
27963353
27870640
6967498
55131908
54821283
1706411
54507277
27134619
54256035
54161070
27066435
54086403
26444680
51231758
50990421
50872366
50412258
49166260
47957580
11968727
47823361
47749384
1479880
23276480
46500415
22966948
45932995
45674523
2833358
693765
43659998
10799474
21257741
40107464
19407654
9634521
76385074
37747064
18691702
74737184
72820022
72774076
72739711
36239992
18027390
71910459
17871657
35478784
8760272
34618724
68800299
34284597
34132398
68179138
68118642
68113687
33966667
33963468
33901444
33857618
33855432
33783029
33742571
4198150
33513476
16715091
16578444
66074024
65892276
16463509
65684686
65481955
65451737
65403182
65398008
16046813
32045486
31938662
63822393
31825494
31718774
31608615
31459632
7858528
62257396
15143376
15082921
7522928
15024696
59602644
59463915
59260820
58929722
58921463
58866550
7355230
58826296
58520657
58500309
58486247
58467708
29164506
58203444
58087788
57532878
57282898
28492870
28118597
6963749
27805441
55254925
27486787
54800889
54780242
54713025
27284962
27066513
54132338
54129776
54128964
54087167
53989730
26445292
52702513
26291253
26229789
26187083
51566079
51563927
50767474
50696741
12628353
49803955
49248665
49168781
49132566
24434468
12141980
24169250
24160162
48273686
12057692
47760400
23379833
46664388
46360428
46255102
46037342
22962506
22937094
45807217
11335982
45217245
5428038
2691518
21285496
21132519
42205315
42116321
10490435
41550158
41333276
41216308
39894197
76808441
76302769
75884795
75657856
37276691
74106849
37013756
36972904
73761592
18296562
72765245
72447328
72337704
72159060
71897032
17777697
35242670
34998171
69466847
34589433
34574008
34432212
34308597
68460854
34164111
34133921
68218471
68193426
68128005
16691221
33361994
16574341
66098384
16480833
16457806
16451034
16443456
65677668
65546704
65518869
4075773
32563372
32259751
64295434
31997964
63914052
63359122
31580695
62958674
62902436
1908261
60889986
7537317
59855207
14866838
59173120
59160623
59062990
59032667
59030913
59017111
58833958
58828277
3659191
58079590
57825162
57662380
56563214
55253077
27508280
27505989
54747210
26837607
53605393
26465308
52612339
51847333
25324276
25216401
3145058
12486690
49477157
12337732
12211930
24166666
24151875
48284181
48256691
12021661
47927638
47866404
47724602
23839887
47668743
23386825
46241416
46215987
11470821
45439531
22090992
2748318
21961363
21554752
10394884
10390144
41552158
10323347
2560680
40884515
40792752
40653930
40405142
10092135
19895934
39734796
19130241
4746200
9472795
1174727
36854741
73300545
73074023
73066343
72799120
72586471
18136635
17901389
35137673
68861374
68637112
68173045
68147428
68121018
34029858
33933054
33881443
33811136
67211722
66080444
16519135
16385453
32744305
65388337
65362971
32535225
32360129
32265688
31484506
62944878
62653712
15623792
61811382
61795045
7683199
60608377
15106268
7532282
15063428
15031090
14958681
59269218
59111284
59104976
58896021
58540909
56727861
28119809
1753792
6979994
55164233
55161820
55006275
54994464
54988341
54895641
54730415
54722520
27122995
54134036
54056329
26851662
52355494
12890123
51104282
25199380
50388088
49600513
24765374
49494481
49223328
6094462
48704927
12170284
48525504
3019778
47838048
47808627
47785881
47733989
2983223
47705361
47668650
23705148
47409501
23461079
46920772
11687849
46733833
23151907
46266716
46251964
22980430
22924179
45206773
45163978
45087361
44951164
2784299
44424284
10799531
21424515
21419328
2674006
21294577
21255709
21203088
42350612
21170003
21104380
10529673
5263011
20835091
10389692
40825328
2550492
39888247
19868211
76568268
76385480
18983706
18973578
75878009
75669711
9451686
4715049
37167936
37145048
37049293
36837001
73661929
73542256
73415508
73052885
72862703
36423206
70835828
4344975
34568177
8606439
8600239
34299388
68442919
33925970
67829228
33904295
33879136
16884879
33747819
66676682
33267097
66117099
4127443
8227033
65428173
65401756
65168173
32524245
32491086
64873558
32411110
1012294
4043584
64265558
16044039
32068744
31885554
7956497
31753610
63428180
63334650
31490356
62899555
15718336
62665616
62617969
62603864
61049812
30376265
60670106
15162788
15126116
15081230
15040014
14995049
14945101
14937713
59607729
59274004
59267625
59114960
59103401
58553144
58532383
58505587
29161786
57684958
57616150
28679641
56696688
6993857
3489454
865854
55140812
55031958
55010411
54804075
54768488
54722962
13621449
27214783
3369365
26912654
53818754
6712388
53602321
26158662
52239922
3248605
51362380
50990902
50975777
50767517
50711128
50710927
3134957
25001504
24731489
3071068
49130909
48931074
12191304
12159300
24295916
24163702
48268796
12063217
12021558
48063139
47738234
23667367
23632729
11679411
46535097
23256952
46224642
46185152
46076297
45984008
22983525
22969904
2861192
11301664
11289643
2815084
44922541
10979264
21507543
42666896
21298027
21165524
10549146
41551664
40569858
40115815
39895312
37737916
37107076
36739436
18286925
73078939
72950365
72771465
36280761
70847915
8841141
8757312
34902875
34673706
34642045
34625661
34568172
34478738
2138470
68377745
34140095
34028467
33997207
67991935
67986200
33984695
33961657
33937997
33880164
33827514
33678322
67253822
67215642
16714681
16616324
66075939
32817578
32797861
65512067
65507114
65442946
65438721
65435954
65428826
65406927
32621516
32541027
32532858
32358375
15980273
63879579
31833977
31739804
31725082
3960725
15788474
62745756
62002629
15431705
7612722
30274087
7567288
15117239
15042029
15019146
29876818
59583411
29596616
29592437
29500515
58916024
58863214
14654323
58509838
58507137
58503817
14598202
14510130
56908509
28404785
28249843
56010589
27958694
27813409
55236629
54814090
54782141
54768206
54755085
54720846
54719228
54591520
27131319
54208664
54203407
27082633
54142280
54115013
54066183
53783377
26449233
52642929
25912012
51562160
51211930
50975325
24768060
49496231
6133216
48553635
48472146
48344744
48093633
11963781
47826484
47781485
47726217
47710765
47332678
47236722
11726159
46807122
23306040
46416237
5791125
46272042
22992692
45841639
2849154
44676676
22109913
43125544
21486452
21469409
10541286
21059604
21016162
41983235
41127586
40489169
39898920
39062235
4808821
9575151
38022781
18961154
75684276
37337607
37154217
36968524
73757071
72843917
72828510
72794937
72784243
18047132
18042037
4509045
36016199
72027356
17828574
8842369
35093878
8749706
34863210
34568533
34438516
8568983
68155065
68134094
2129180
34041853
67881772
4239986
33842770
33814346
67605896
4224728
67591936
67572950
16561221
66232334
32974073
4118129
16430931
65546782
32770878
65420200
32546420
32522229
15995920
31945547
15952764
63675333
30925495
61787812
15394699
7605539
15133244
15102583
15081883
15078494
60188062
15037882
15025030
60029700
14977853
14945759
14943158
14938545
29866245
59447262
59278419
14785810
59114500
59110678
58981372
58953976
58819526
7338791
14670837
58486869
58468232
58466003
14352636
57373033
28418261
56717761
28272465
6984705
6976190
1738565
27813578
27784080
27781244
55289506
55263386
55156993
55156597
54991724
54977214
54962128
54809053
54763841
54748990
54728335
13662828
54592572
27202843
54151645
54092126
54018324
26784248
13383498
26200737
51504698
50800463
12683370
50371744
49494534
49459414
24425157
12208342
46603147
23272508
46500467
46073093
46070667
22972076
22801868
11342470
44704423
44703971
44323940
43504049
43391269
2673576
21358937
20625662
20587272
40714411
40546610
40490023
39896540
4932121
19389290
4801520
4770556
74463905
18376055
73054820
72800229
18140505
72268734
71921523
35599760
8845099
70375345
70321425
35107959
8768568
34859978
69468146
69445814
34581426
34544859
34428965
68454221
68148806
68095227
33923765
33830726
33794352
33732032
33666026
4205957
4198031
33510688
33387573
33199163
66109093
16411883
65517553
65500791
16369627
65477900
8133345
32503835
32402155
32114552
15990501
31874275
31825626
63550804
63425746
31582122
31563307
976702
62139300
7628127
15165660
60616845
60489549
7552793
15088214
15080732
15023697
15004605
29723444
59354059
59015702
7370564
58909333
58868748
29424367
58533740
58523268
58508748
58477075
28941499
14458915
57639621
28638340
56113118
13979487
27953640
27509796
3428433
54817502
54768035
6836955
54612420
54596837
54594688
53982545
53889462
26523806
26233013
51534024
12782822
50711064
25242959
25006482
49794110
48533284
12123963
48333075
47921037
47815762
47691403
23631899
47136601
5872358
46793782
23342642
23280958
46232056
46075224
46021715
22974206
22971458
22955701
45460716
11331070
22070301
21984306
43569161
5421645
2679891
21428382
21295691
21260002
10530646
41555488
20625981
20459953
19645295
39095409
38501909
76742198
4789062
38265088
19111318
9532714
19044763
19036310
37992475
18948571
75741635
75231091
18693690
4670468
37135229
18489089
36966728
73758280
72947333
72794410
72783310
36325037
36316180
36302590
18117206
72291405
72273631
35618435
35474312
70945542
8773665
8771728
34825976
34550306
34547285
8555883
68446095
68198301
34027273
67992355
33933075
33922413
33879827
33856534
33828112
33821619
4227318
2113319
33807533
33796522
33776474
4211830
8421076
33578636
33520947
16709204
16709009
33164411
16572072
66172186
16532681
65790217
32787908
32776909
65423479
65423418
65403589
65242909
16233519
16163809
64304678
64112777
31864028
31763560
31725373
31644683
63159121
7869893
61756364
61650500
60908089
7532383
7528325
60124605
15024989
14975483
14975046
59478011
14868786
59261595
58987561
58905654
14641686
7320674
58505412
14618190
58460805
58450212
29156118
28941824
14451000
57669667
57542854
56628108
56011041
27954004
27776265
55150788
27494530
54988164
54775790
54541745
27193681
54217300
54214774
54198450
54157048
27072543
3377474
6754005
6689255
26443587
26436101
26331761
52407572
51249031
12789151
50991882
50771934
25231096
50425791
12584250
3136483
3118055
3044900
3022792
24173281
12033871
48133823
47868990
47839246
47839187
47724871
47705689
47694686
47679084
23606394
23476191
46907372
2926887
23413284
46270264
45968825
45050028
5498784
43118248
42993267
21486658
21465353
2681519
2654771
42259153
42188498
10388325
2555887
39927801
39878509
19422643
19393014
4808186
18975464
18945054
37736704
75458096
37514302
74474898
74371406
18564378
18496719
36979799
36972952
577697
36972532
36893681
72861727
72822669
72745733
72711711
72464409
18029475
70568170
70282872
35138530
34960593
34407630
34321190
8545928
34159919
34027210
33893232
33844959
67671290
4227518
33814882
33806788
33783166
33671987
4192912
16707547
33245900
33042730
16477723
32880483
65552406
32737496
65442064
65215584
65205065
65137695
32258728
64313124
64290493
64029095
32010420
63930593
1991178
31786578
31775660
31732950
63413387
63330698
62994460
15603257
61906688
966123
61647540
30712837
7591578
30362998
30343457
60649369
15154600
15134171
60429368
7546366
15079608
7513707
15022214
15015711
14971873
14946941
59022636
59018047
3687491
58970343
58924787
58910099
58865246
58537312
58439497
57591942
57582425
57524910
14374388
57441987
57390505
57339603
28632881
56756478
56693676
28249086
28248673
3506453
56009750
55634339
55006216
54832903
54796973
54766370
54756096
54744524
27217771
27126958
54149262
54009655
26979718
26921980
26494349
52988484
52971092
52638783
26290514
26200474
13043176
25953759
3222748
12790900
51020220
50979718
12691915
12687244
25364892
25265223
12621710
12616979
3150518
12563278
12188450
12188006
12184863
3039036
24290598
24173298
24166115
24165944
48277925
48208670
48106315
47787854
23768813
47504328
47413348
23437386
46847463
23302943
23275410
46494367
46482359
46185385
46033140
5633316
45061385
44700033
44576754
22208145
43639237
43477463
43319971
2694349
2693292
5374803
2682158
21437825
21325994
10629061
42138191
10511973
41942265
10337321
40902141
40689653
40500717
40487983
2530171
40408624
40279511
623058
38517956
38496662
19145521
4778684
4770609
19041804
18917809
75082235
74897938
36681005
36673111
18289923
18264433
72801999
72518683
18070980
72158911
71942000
71931699
69416878
34615585
34603977
68668286
34314539
68313481
34132079
34097871
68149232
68134149
68113277
34035283
33883863
33881005
67674087
33825442
33618369
67218911
66087409
65688857
16418239
32800949
65435689
32537451
32319066
32016488
31921186
31851957
31490407
31454728
62602636
62598349
61914546
30837958
61377719
60807139
15169721
15158188
15122494
60476836
15067777
15012902
14944103
29825726
59461077
59169645
59160020
58908677
58902977
58882713
58874981
14646908
14646174
58540843
58523249
58505249
28928853
57662851
3545573
56655570
56654530
56559726
55930872
55169948
13771366
55024838
27466338
54825247
54766616
109435558
54708223
54599658
54441437
27125955
54055433
6608278
26344902
12920808
51337569
25498258
50851980
50624764
25224563
50371845
24763402
24735504
6169061
24435986
48287530
48088910
749394
47933470
47839072
47838070
47793050
47786232
47757456
47754202
47536040
47148471
46738598
23296443
23233198
46181713
45991415
45972740
45714319
45174714
45040105
45032108
2687143
21473934
21431184
2673916
42410264
5203830
5188702
20680645
41335399
40644003
40569268
19505511
1199426
38360070
19140185
4782209
4778647
4772095
37893686
74896902
74658864
74627211
37131981
74091078
73895687
73667086
73111312
72210794
17997859
17992563
35146898
34859437
8711106
34665719
34663545
34534185
34241325
68433024
68429444
68151953
68148195
68125264
68081595
4243304
33944684
33896146
33821551
33815916
33801000
67476614
33716642
67324984
33651469
8405681
67216655
4182923
4178316
16709112
16688200
33323373
66543206
66112372
66098260
16455884
16445368
65538546
65414100
32666614
32651806
32550971
16268731
32327358
8031449
32067281
32041530
8004862
31945726
31850944
31845146
31787692
31560949
31457426
62905149
15703483
61794987
7617251
30400151
60600011
7574920
15117670
7553532
15051849
14995797
14946935
29731179
29596393
14792224
59005439
58927493
58885505
58874490
58520801
58491470
14619002
58439274
14489732
28957351
28952550
57535290
56697644
56639280
28297992
56504061
56476260
56475011
3511361
55940528
6976157
27873733
13896743
55195051
55032972
54816080
54786365
54771885
54758435
27354753
54203736
54200126
53786127
53785915
3338519
26246521
26190513
52107131
50821168
50800974
25391487
48909078
24435274
48724215
24315042
24166228
24151042
48062748
23959721
47855252
47824981
47798933
23897962
23884024
47688347
46969382
23409487
46797958
46786302
23392843
46495403
23245807
46280628
46009716
46008476
45976044
45950590
22724424
45230824
44941501
22229037
43599969
43598895
5376011
42837597
21347803
10619122
41133536
41003162
40468542
40118292
40116764
40060580
39717315
19518166
19509292
76848645
9476041
18797712
37522649
74881221
18657295
4662115
37275576
4640920
74121057
37057792
74026287
73846374
73775113
73667374
72765569
9001457
70947972
70940138
70929491
17563138
69591521
69445071
34535845
69055294
34411535
2141961
68455071
34097628
68116812
68102582
33982252
33966351
33945470
67875375
33923407
33733259
4215512
4206182
33508439
33507138
33402468
32780869
65508258
32748717
32702955
32622449
65229590
32563813
32561917
32552268
65065377
64906239
32004322
31850333
31815581
31740611
31631876
7899059
31492743
15652197
62600100
7818439
62181676
30928446
30906371
30871622
15163315
15109763
15096075
15082125
14995901
59853553
59840867
14942785
14939465
59500924
59287838
59262979
59069117
7379187
58938398
58856424
58821338
58808030
29400012
3674540
58658238
58532201
58523078
28944809
57864097
57433892
55261765
55150317
27567085
55004362
27467595
857327
1714244
54834887
6849515
6847532
54712271
54343827
54215482
54064399
53980332
26985174
26953466
53128979
3309729
26389604
52546901
26191172
26167567
25907490
51563650
51268147
51220702
51130584
51016716
50385894
50385682
48165060
47852210
23886482
47704594
47704585
23283485
23280706
46537658
46495786
5790471
46021915
45927744
45797170
22845234
45172993
11290280
45033857
11218787
11036954
21718832
43244344
21541341
42997005
21433729
21161292
5262970
5239625
5207814
40107661
38672474
38563217
4803183
38263057
4778182
75848776
18962102
9474817
37824863
74408866
74383143
37115574
74157795
74157506
37009128
36924934
73424651
73053758
73035866
72845480
72790658
72764995
72669511
36241734
72319467
72288787
18065266
18048301
18047072
18021161
70934986
70786375
34596818
34572880
8592513
68431804
68207776
68194110
2129874
68147537
68147054
33983045
4246019
33841477
33753378
16723111
16721233
16701233
16693117
66084989
16466887
65679290
32792462
32774059
32756083
32754513
65427191
65417103
65398085
65388434
65243662
65221805
32519649
32351838
4018966
64078746
32017738
63839664
63773823
31763279
31741738
31722116
63435067
31525261
31458949
62309183
15546315
61901396
30633728
30624051
30611998
30515798
60805981
30389650
15145447
15040149
15032400
7507501
15006336
14995399
59981080
14994775
14957428
59279457
29579076
58977538
7363031
58876728
58837040
14662706
58554615
58537990
58523873
14624916
57876431
57650610
57342151
56804268
28290963
7023705
56071897
55640669
55257736
3428361
54813628
13674390
54592718
54560695
54273217
54237596
54221458
54187786
27053241
3352737
26638680
53024105
26204238
52356330
13048680
51531256
51230736
25467678
12702660
50375504
24734540
24239300
12106836
24174274
48290925
47755191
47749056
47741233
47740104
2980785
47670136
2950804
2944095
46757200
46201598
46048304
46016263
22944027
45268816
45181175
11289800
11279544
11261490
45025103
44841645
44840818
2773839
43279196
42054841
10493147
41887549
20630083
40343972
40338382
20137146
40120578
40118238
40066761
39897922
39699041
4896187
4799887
18961345
75225933
75173802
74934750
74741743
18683773
37147676
37141908
74151011
74142998
73745066
73671661
18410286
18389524
72994781
72295811
72270333
72238477
72225314
72089950
35562337
35133771
68874799
68500246
68444965
34126732
68222448
68171471
68115510
68077598
34027880
34027269
33985228
33974289
33901234
33893002
33795400
33777350
33679141
66350399
33160154
33098123
33059677
16528799
66003462
16484083
4118898
65569972
65429313
65168199
65167992
32550654
31935974
31864971
31812225
31742707
62934125
62592760
15612728
30844196
30469039
60793936
60578405
7567029
14995731
14975322
59897636
14958109
59474548
59394400
59272877
29498044
58994104
58926676
58896442
58539173
58531009
29263100
58515319
58481320
58474754
14618617
58457540
3645432
28960721
28957176
57638985
57492084
57491604
57427765
27965019
6965456
13898912
13874120
55010155
54798682
54782008
54754800
54427458
54224138
54207958
54200422
53825080
26847432
52917267
26246653
13066104
25945527
51851387
25888504
3230723
51567177
25491992
25464772
50667749
12634704
25244456
12617862
49598881
49195310
49101963
12200818
48528462
48264333
12027657
47839175
47813348
47732418
47264640
2941911
46749989
23372882
46544400
46274925
23100652
11530113
46026593
45993544
45961536
22976496
45883745
45795967
11321179
11309281
45207432
11296416
11217403
22225340
21736203
43066510
21458856
5349715
21384209
2663360
10536400
20971658
41825775
20834738
20582312
41019303
40438539
2524703
39893903
39866795
39824264
4930231
39020859
19069353
76229467
19004244
18999968
75927803
18969150
75259559
75211523
75182089
75130758
18778975
75008858
9371296
74886207
18674637
9326036
4650318
37141030
18465620
18464360
73763035
72995531
72797584
72754823
72753719
72726217
72721012
36340647
18147403
72154949
71495649
71368928
71163230
4436374
35478047
70725186
70632190
34897044
69574147
69327718
68873380
68503190
68445472
68441915
34141847
68155917
68097620
68050980
33945034
33944685
16957292
67770117
33848144
33825061
33753751
16708173
16691064
66725118
66709157
33292872
33002140
4114851
16456011
65681481
16414661
65568784
65545203
65533486
32754441
65330339
65251937
65226945
65040773
64834913
32289343
32020105
16007801
31863053
31842537
31811733
63568216
31771695
7931021
31603560
7848573
62645031
62589830
15602718
62351067
30953288
61809955
61784576
30854497
7712504
61653437
30741468
15139875
15068471
15016220
15011010
15003699
14986485
59865594
14960893
59479945
7390076
59030027
59005043
29499018
58965163
58889157
58836631
14703679
29375698
58563575
58560635
58555574
58532113
58487686
58469506
58443164
58418114
14600206
14595268
58315576
58294729
28958149
28956475
28949467
14456652
57646367
56586744
13987007
27966848
6960557
27748305
55161806
13772484
55088251
55042205
27505257
27503136
54999222
54991075
54767482
54725014
54714370
54425070
27171754
54194774
54153582
54076951
53663443
52564144
26267941
52177345
51378780
25592687
50991012
50774995
25354973
50707816
50626794
50452311
3142698
6251498
6241330
24781100
6072630
48345721
12021182
47941049
47913732
47758215
47738055
47685890
23827832
23601219
23437890
46718948
46542336
46535193
23249729
46229726
46223974
23034913
46019794
22997046
45986395
45963483
22981673
22873261
5690802
11267715
11266011
44962880
44812568
44503590
43244082
21418292
2672431
10587552
21133355
21106632
5258270
20959560
5204242
20782119
10349526
10332980
41307303
40445254
20178261
40124952
40107891
40063630
39956087
39892646
39888614
19879060
19669115
19407102
4806564
19143250
75946835
18969740
75601888
75071774
75033249
74481891
74393385
18569347
37132038
18564660
37094645
74157081
18510806
36988178
36978393
73527672
73419382
18165199
35726171
35720903
4441312
70789724
70744826
17564301
17312061
68886116
34272588
68458719
34118221
68218788
67986440
33965985
33929161
67806857
33872628
33795703
67483258
67300758
33527842
66653579
66226950
33081438
66081389
16478611
16437525
32787259
65534589
65526908
65511922
32539418
64947037
32281901
32272717
64277825
32029902
64011910
1997298
31950842
31882489
31841419
15918971
63550051
31755107
31724161
63340403
3956680
31484205
15708585
62594429
61946238
61806185
61782382
30819569
30553170
30540208
30480071
30313242
15155602
15131373
15119488
7551256
15048835
15046323
15027481
59986441
59983015
14957151
14941348
59487987
29731949
58985274
58940142
58923449
58898763
58828078
14683934
14655569
58508462
58491722
58476410
58460975
58441228
58089483
58081906
57938378
28957493
28942789
57842608
57696797
57555534
56670319
56617973
28248134
28101828
56009839
13993858
27957897
6972156
6969001
6960394
13830207
55158637
54977598
54964477
27482098
54866655
54831692
54711592
54504364
27171116
27129904
54231669
54197270
54160466
53817235
53784679
3359409
53612199
53158559
26464606
13215153
52345605
52238305
12890706
50998460
12704096
12692221
50232160
25002066
24848312
24736086
48996264
48933151
12209792
24409077
12198887
48397815
24168679
48282950
47837835
47821868
47804273
47797151
23895180
47783508
47757714
47747508
47666869
47478335
23670073
23417445
11679991
46606817
46556066
23276588
23274316
46534480
23226008
23210300
46238444
46213786
46066062
46023518
46013736
22987822
45925795
22923817
11331935
45029392
44778836
43282084
2699404
21434358
21263078
10593267
42054285
5231659
41827774
41242390
41172246
40790102
10133999
40484282
40452791
40243409
40122277
39889157
39878472
38881384
4837170
9628468
4792082
19002088
18985904
18969514
18963352
37743076
75245552
18777315
1169582
74471829
4638890
74017697
36941046
36427214
72852643
36410559
72814953
36333279
18049820
18032143
2248979
4436032
70965401
1108562
70946122
70637343
35217821
1096108
8746594
34835331
34620175
68907063
68833427
68799995
34313860
68398312
34167551
68120574
68112656
34040796
33974046
4246182
33966081
33848131
33841147
33828504
4215061
4211485
33665486
67219286
67072845
4176758
66556595
66355475
33157128
66203405
66107560
4127824
65991123
65685027
65519156
16371208
65436221
65414684
65232320
64917854
16224966
32261796
16099677
31972479
7955971
31762608
31744605
63290258
15523605
61986645
61919448
30861794
15359851
15338056
30521684
30357474
30316664
7569152
15132293
15117773
15104063
30180308
15044588
15042402
15040656
14977140
7481249
59822505
59768985
59669494
59437381
59265212
29609325
58953461
58879607
58835446
29374182
58743017
58575598
58497466
58458484
58439069
14590909
28951739
28949793
57848020
57810621
57524815
56923547
56671934
27951817
27869653
6963275
55186422
13792546
27470835
54807965
54716805
54711888
54710967
54705955
1704769
27168995
54233563
54205521
54167448
54161587
54139975
54095042
54067267
54062564
53889609
26515793
26487909
52353742
52315541
51531142
51191538
3190634
50992584
49851310
49818824
49599961
24735682
48954467
12234969
48937479
24434784
48682899
6084053
48657276
47984787
47828524
47755565
47732552
23827020
47407960
23382074
46757782
23251861
23233413
23228044
46421582
46412228
46241819
46226939
46226377
46215860
46012545
45997860
22992092
22980057
11486713
45868082
45665625
45462426
11341253
2835183
45243554
45067828
45063867
5411324
43213716
2700242
2696189
5365233
5363096
21414782
5248987
41991113
41747905
20637303
20620246
20484739
40769202
2533385
40119826
19769549
39037866
77252596
9576691
19118607
76330283
18992554
18969155
75580904
75015175
74810436
18697889
37281204
4656205
37138285
36979033
18429220
73553015
73304059
72867290
72846634
72781414
72754249
72719168
72716446
72702371
36350616
72367155
72165420
18007220
559306
70767420
70567059
17598323
34998003
34581306
69151275
68437916
68205261
68146029
68102843
34034591
34032238
33998388
67992805
33883651
33825618
33815558
4221677
33662528
4203535
4186145
33069571
65972901
16460070
65839756
4114139
16416703
2048353
65539927
32754446
65403777
32642393
65242161
32553648
32456755
32375077
32364959
64162037
1996694
31860077
63701610
31849162
31824450
31786306
31780393
31725470
3944321
62571613
62280435
30924338
15380808
30486355
7614952
15080773
7532048
15045349
15038138
60118709
14944118
3725918
14836290
59111713
59076012
59036215
59027495
59018016
59007188
59005794
59004687
58906010
29450090
58861166
58850417
58564200
58530218
14628552
58503918
58495079
29232453
58434599
14530597
57827268
57802351
57532901
56972816
56922759
56727152
56443536
28172447
28094109
55947144
873690
13947814
13906377
6944138
55035009
54997915
54742570
54707818
54677779
27307423
54597506
27221262
54441413
54250293
54239799
27104854
54153159
54068752
26826541
13380415
13378979
13350756
53221623
13197510
13171677
26243290
26231039
26224909
51971138
51200584
24662226
24633033
49192667
12192255
48722530
11982894
47920585
47861449
47838268
23896360
47759225
47745052
47734208
47703714
47685218
47679072
47322807
47266178
11794482
23320417
23315824
46235716
46225028
46035079
46014222
45998093
45947602
45632814
5688489
45169374
45152688
44925104
44887471
5444121
2712981
21498530
10687742
21334143
21324029
21159191
5269054
5267708
41729550
20700226
2585559
20486675
1221302
9709278
38568796
38483117
19142162
19104470
19093350
76344057
18963485
37737257
37735499
75183569
37586547
75020865
74971946
74913970
18699504
74720379
37278912
9276981
74147888
74129861
74119979
18480585
36941412
36806095
73304280
73065926
72853221
72834112
72763690
36311176
2260225
71921150
71466728
4419385
4418813
35307457
70532370
35218168
8760937
69566784
69476778
69472851
69448678
34529605
69025007
68639792
68461867
68423483
34159009
2132310
8520278
68101549
33980879
67773213
33843383
33842602
33837343
67522113
67087596
4191546
16719410
16709046
33286617
66336822
4137114
66091550
16442873
65684111
65560406
32769185
65527513
65433566
65427306
65408988
32698053
65388258
65388128
65173911
32562967
32550853
32522552
65040233
32401133
32394153
32380729
64609697
32270801
32240140
4028187
32213115
64319525
16051566
16047037
64110064
32036639
31939086
31918234
31881827
31875665
31841309
31821085
31497950
15746489
31487387
7858134
15644612
15641129
61879400
61811081
15441672
61755575
30510725
15146987
15120585
60475082
15108822
15099545
15042571
15039918
15038545
14980127
14959082
14955687
59504791
59261276
59260203
59192224
59028738
58985898
58977377
58946489
58909007
58906378
58895076
58864571
3675240
14684576
14668207
14668122
58559864
58530391
58528971
58508227
7295529
56928959
28276633
56537049
56010954
27417416
54831027
54816439
54804175
54801067
54789448
54767910
27338940
54503475
27115895
54231035
27104235
54200226
54134654
54103784
54077121
26838089
53121451
26493974
26393975
52478953
52237581
52219982
12912566
51565176
51406691
51218818
50771677
25320686
25009923
49861780
12232509
12204691
48553117
24097691
48189338
12041074
48125591
47923021
2994624
23938886
47854715
47839839
47825844
47817003
47779104
47764145
47756667
47754805
47744306
47723965
23858137
47714122
47705850
47671708
47666459
46860125
46777240
46722512
23351808
11644817
46485121
23212003
46368081
5757210
46028345
45969672
45946540
22972064
45934102
45849551
22924090
45754454
11331744
45042032
44674786
44671665
22196525
22072356
2752968
21988698
5494326
43509081
2696862
43115856
2693639
5363115
21379769
2667997
21332428
21247864
10597731
21156388
21118759
5271978
42137699
41790363
2549598
40475599
20235449
40078976
40046786
4891583
38940281
77262123
9643996
4789260
4785925
38267277
19098862
18999608
75946114
75725916
75660181
75611181
37739965
75230843
74965700
74736994
74703284
2334060
74531256
37149225
37125436
36836026
36790933
36634585
36408741
72800829
72773284
72757537
72734865
72572317
72266025
4516290
2257846
36111796
72218574
17988878
71505641
35752121
71489659
71346710
71107345
70973917
70284573
69557223
4346060
34622417
68659616
34321746
68531207
68438460
34151900
34140539
68206303
68114203
68082201
34008420
68004992
33985585
33898626
33825506
33794356
33783956
33776092
33774916
67490505
67482770
33723037
33599691
66721951
16632961
65895487
65677460
65500578
65444620
65388135
32541031
32258997
64317576
64301410
16038977
16037190
32005968
31925581
31919153
1994676
15946301
63767970
31873499
63744886
31855482
31814146
31794689
63568886
31767177
31585778
31576480
15648136
61651603
15401219
30591664
30482187
60643178
15154707
15151413
15127062
15108182
7536482
15066549
14976053
29929971
59261450
7398886
58909328
58907450
58890520
58862477
58843566
58826868
58509901
58509704
14605375
58390604
7295510
58342847
29140062
14532694
58117345
57990766
57718808
57360831
57356164
57354608
56832317
56774260
28366920
28262705
28099529
13939582
27680579
27532749
54975239
54835395
54812173
6847320
54732014
54719151
27195699
54228593
54156827
54155734
53980694
53906167
53905470
53656201
52616381
13013848
51553515
51268643
50769465
25360674
50628387
3102812
49600089
3086054
12256937
12223726
12137490
48476499
48321929
48046552
11975984
47868583
47794887
47730215
47706085
47663089
23705565
46787633
23320679
23252214
23249709
46416981
5787988
46235762
46207448
46206534
46027923
46019610
45991967
45948351
45842966
45321160
22289728
43608585
43566102
5427626
43315593
2683708
5354198
10666952
21318402
21296492
10553019
10442297
5115945
20358552
10122835
2527197
40134439
40130803
40119765
40059719
40054625
40018958
19833706
19457393
1210778
9634774
19014421
75883138
75263154
75224205
9383513
4683636
37125091
37124916
37119512
74102510
37038464
9259571
18491234
36968160
36937706
73822919
73673657
36604969
18296555
72995696
72714965
72308857
72294025
71815321
17922773
71171075
70933753
70857393
70775048
8841961
35061497
35040593
17399295
34661943
34618573
69209291
34579996
34541965
8612207
68773484
68564297
8570003
68394522
68209571
68172542
68170340
68165768
68077102
33934656
33934341
33923056
4238800
33893171
4232381
33808982
33795146
33748063
4214918
33677722
16797970
4195246
4186325
16693824
33334299
33186497
66159756
66104272
66081090
16466235
32799302
65554109
65538000
65520607
65510422
65446446
65405675
65393424
65337628
65290669
32562637
32560155
32546499
32391406
32208357
64293897
4014154
16006384
63987036
31873189
31863577
31863532
63576599
31773682
31654718
63100623
31488771
15657180
62601879
61819196
61770182
61456270
30725150
30481305
60682636
30305550
15025041
15011853
15010871
14985054
14941185
14846851
59367301
59284670
59055227
58963119
7356540
58823849
58517213
58477978
58474796
58442013
14534635
14460212
28297735
56240943
56072831
56011347
56003775
27951173
13949990
864670
55195389
54769048
13671744
54090510
26509940
26341828
52374319
13004022
51187047
50990941
50990553
50977642
50710772
50437503
12527128
49600600
49128532
48945642
24430272
24429365
12212157
24343152
12153394
24296152
12147251
12035738
47914338
47847869
47825094
47788680
47768408
47735171
47730347
47701931
47664254
744554
23667853
23615430
23597443
46919687
46907152
46843091
46602998
46280309
46277132
5772866
45697781
11339525
45262871
44707491
11010266
5501420
5405084
43170423
21341034
2666247
21259977
21227370
42432459
42405791
42143973
41761858
10396635
41029461
20393146
20359510
40471422
40259257
40118087
40044820
19681690
4866562
38864366
38555094
9634990
4798505
4789657
37990785
18980172
18948277
9472485
37736684
37564879
9380623
37481834
4674524
74639729
9299226
37118656
74178280
74137916
37055072
73664119
18359518
72714517
72616576
36296787
36257015
72464904
36189385
36154947
8978565
17905316
71521036
71500046
35493149
70764282
17596402
35124012
34892905
34580230
68871540
68834505
8593278
34249170
68436291
68397418
68191606
68187193
68160375
68097451
2126902
2126883
67985259
33932571
33830787
33802807
33775610
33664610
67219068
4181804
16714809
66819825
66785891
66773826
66313529
33080211
16470776
16432687
16396534
65509242
65499564
65446311
65409820
65406945
32661860
65238985
65175392
65157731
32515669
32269701
64264090
15977286
31950008
63844181
31885559
63758718
31863119
63570173
31750406
63491576
31720066
63173960
31557842
15763032
31475446
62939454
62905303
62610811
62577801
62282195
61963345
61905850
30842099
61415584
30598462
60858256
60822410
30341888
15143148
30273479
30269310
15097914
15066495
15046311
15031585
7514095
7507265
15011573
14946998
59486944
59431376
29524976
59002119
58907069
58898154
58874606
58838085
14629184
58469411
58452957
58450661
14608332
29202431
14453662
14453219
57725364
57660327
57514066
57441593
7124365
56856236
56698786
28292062
6962636
13853073
55261230
55171456
55061607
55000391
54979966
6869819
54806348
54742755
54725294
54723274
27282315
27222795
27185243
54206774
54145941
54007161
6733683
53778001
53750350
53264438
53094927
53072422
26484208
12919991
51496017
51410598
51404027
51220473
51155507
12784064
51080150
25499117
50992705
50981822
50960135
50916218
50761592
12486984
24842356
12257444
12187165
12106309
48344811
24171856
48209731
47862705
47846071
47793094
47768424
47765563
47751055
47742582
47726455
47718556
47677954
23798060
2963613
23697409
23692986
47230419
47202346
46751941
46735487
46554951
23275420
46493989
23206070
46282946
46255863
45991563
22977969
45951206
22952737
45248051
45243811
45161124
11256042
2774913
22071524
21989084
43483269
21449269
21432041
21382239
10689707
21264556
21153394
20939911
41249320
40578528
40497907
40484649
40116930
39989153
39878263
19897183
39750721
19337774
19337156
4806851
9593846
38160720
18989674
75814256
18945531
75712043
75590259
37674359
37602036
9397734
74976405
4674284
18696188
18689224
74712518
37290696
37165462
74157920
74100799
37019353
74017693
36871783
18288818
72793881
36390090
72728863
36330841
18140515
17990173
35490162
70881805
70752750
35121026
35046858
34924303
34792513
69463069
34460765
34401381
68778328
8597061
8592019
34256308
68439165
34167426
68199786
68148840
68079564
34015811
33999993
33986611
33975940
33932622
33918659
67809286
33869324
33844146
33830013
33804763
4224792
67219806
67217876
33537594
33493112
33419989
16705115
66818921
4174549
4163328
33246793
33202660
66115106
16477825
8211270
65688543
65547956
32770002
65536986
32767832
16368871
65444799
65440997
65383463
65359397
65279182
65170131
65145327
32568786
32529044
32523226
32481023
32428747
32425404
64817522
32332924
64424614
64259788
16004615
31970212
63902876
31762111
62905960
62584402
976126
62330697
30932773
61688556
61658220
15401900
15345579
30628624
30239119
15117373
15105748
15082680
15068166
7527495
15024509
15019531
15012381
15002382
59995804
59987746
59975942
29973824
59892602
59853341
14960136
29877927
59673066
7455529
59518255
59383126
59349775
59346136
59016993
59005786
58978804
58963021
58961995
58929959
14725463
58897342
58885852
58855453
58826382
29395195
29372477
14632637
58440654
58206285
57882908
57863001
57846778
14450948
57448031
28464661
56675446
56642422
56617518
56533440
56312362
28091924
55985640
6956602
27744083
55180299
55159754
6855620
6854444
54810481
54800016
54791193
54788912
54782162
54764874
6842676
54535632
54217618
54167890
54049614
26583339
53077335
26514818
52350316
52349191
25945695
51419348
51395818
51382556
51260804
51156667
51131226
25498092
50849480
50771426
50631001
12631798
50359039
49496770
6151848
24391245
12166956
12163463
12135170
3027888
24213774
48350483
48341840
24163739
47866781
47848540
47841234
47813914
47764735
47721850
47693400
23838360
47671636
47440259
23392689
46629544
23200547
46367024
46247175
46201651
46193692
5773161
46073984
45998468
22998660
45996515
45847616
45807150
11325403
11323132
2829436
11311295
45204026
11273026
45071594
45039763
45032428
44935425
11170789
22291419
43462928
2701907
21582131
21557062
21475087
2680468
2680340
21430282
2668692
21326673
21268207
21189775
21111240
41997042
20913316
41608893
20801712
5183490
5141015
2553211
40695031
40405908
40044847
39894971
39886857
2472423
39007364
38905220
19429196
77412684
4806849
18967735
75688978
37702415
75249541
74735653
18659011
74598464
37267057
37063774
37059063
74090550
73985362
36976002
36961900
73554373
73074421
72950510
36454136
72879147
72861063
72832852
72762780
72754839
72220560
18030442
17977721
71461270
35714442
71369802
17805844
70934988
8825129
8815088
35240746
35084175
69958574
34943002
69503201
34615315
69171451
69142570
34537115
8622336
68865495
8593901
68573201
68455016
68442172
68419139
34159808
34145275
34111117
4246720
33955038
33951749
33902894
33744943
67481783
33704095
8421082
8380758
4190270
33320614
2080773
33058446
66102139
66082455
33000364
65690049
65575157
65535124
65522235
32757420
65492489
65445394
65435914
65417626
32696664
65362985
65121804
65064824
32521257
64906334
1977
4029039
8051605
32193570
16078187
64293357
32144905
31871175
31852520
63694958
31814706
31797293
31779388
31757297
31751336
63332236
7870881
62594518
15602211
62306711
61821333
15382099
3833160
60741397
15164475
60610225
15139686
15102291
15080362
15066551
15023808
14996569
14973859
14951061
29878589
14936752
59511431
14874393
59440853
7413879
59286475
29591775
58962386
58958645
58950672
58924610
58913677
58876117
7340106
58654833
14654724
58491049
14617864
58449572
14603150
58202226
58087908
14519778
58033525
28945924
57876287
56751711
56642058
28311362
28295399
56489699
27956506
1740694
55439081
13854372
55194501
27507932
55004046
54984865
54783368
54775800
54730336
54551023
54539119
54417363
54190325
54144812
27067024
54093471
53976946
53785400
26280354
52361549
52341266
52322567
52239615
51433394
3205173
51132205
50625269
50243839
12547327
3132814
24918306
49380496
24415714
3017370
12051132
2997924
47868744
47843474
47840128
47784247
47757753
23877122
47724320
47349967
23600489
11775746
46961618
46777551
46603982
23284090
46448483
46398297
46037550
45972100
45871876
45636124
11316025
45243907
11302729
11256121
44958370
44841817
44837192
44516542
22078216
2752722
21967945
43661246
86278814
21336499
21320389
5205637
41609146
41217699
41185715
41182370
20518486
40869130
40800430
10162632
40561448
40476682
40064341
39891198
19736576
39061379
77201525
38491830
38478304
19158333
9501636
18963330
18946169
37746631
18864634
75271308
4674561
74756793
37278455
37213283
37127127
36895330
73679531
36830359
73460683
73061001
72843942
36419906
72812814
72509304
72485693
72391476
18081595
36108113
18030913
71899286
557790
35538553
70995064
8845297
8807424
8763916
8760880
8758391
69876666
69416683
17350743
68953444
68872657
68871334
68800054
8598431
68743045
34252631
34229251
34104764
68157794
68120592
33982258
33962806
33953900
33782950
33709545
16721097
16716875
33360073
66672686
33305531
66352430
16519542
66078118
65835464
16429599
32807757
65537205
65507213
32753456
65500858
65422737
65415843
32681382
65179605
32558955
32380293
32305196
16054050
8003177
63973396
15977742
31939758
31922552
31885567
31864893
63696470
31797442
31733256
63056822
31485328
62810413
15698681
15605667
30878205
30773655
7688592
30598526
30553131
30498458
30474476
60912247
15133644
15130821
15098404
15067619
7522920
15043761
60099865
15024220
14997617
59990450
1872759
29844205
59454931
59448122
59272009
59116361
59038192
59028008
58966927
58931439
58907624
58887595
58851959
58826207
58658322
29321451
14644672
58573188
14615661
58441937
58335471
29158295
57939723
28931701
57828069
14372943
57490307
28258944
6971699
55604298
27771746
3470746
27765017
55236511
55220916
27514142
27505873
55010565
27475129
3433872
54826211
6846012
54709365
27219420
27207806
54248655
13561859
54241684
27115519
27104488
27089396
27024795
3368328
53674175
53029855
106020949
26399854
13198475
26332669
52546290
26237448
26226353
12919960
3195915
50361185
50002878
49852709
49494903
49234989
12290294
24514446
49020918
24402854
12196297
24371780
48446074
48351277
48333736
48173952
12012514
48001354
47810024
47732804
47718219
47668723
23772094
2966084
46815659
5837036
46602321
23278875
23263029
46433662
46411292
46364368
23149494
46259727
46257688
46024945
46010483
22996649
45947826
22965232
5698246
11320232
11309220
44483026
21969530
2713282
43308990
2696114
43066842
10706952
21368835
10545732
21027404
10488260
41836182
10391845
41170198
41132062
5140289
20510267
2552984
40580074
40566605
20271636
40406934
40236735
40124514
40115875
40110782
40065517
40062712
39997820
39928070
39888847
620600
39036036
39002562
38557067
38549403
38350471
19149715
19121455
9558215
76337675
18969982
18946203
75765988
75715347
9451220
37628224
75082720
18714578
18713692
37149057
37104207
36971070
36942464
36840098
36823134
72867396
72843690
36412397
72823770
18070973
18015373
4501670
71477474
71437531
35527665
71031544
70756216
1103937
8812807
17523032
34958931
4364192
34894724
2172127
69503428
34704984
34671243
17295139
17262979
8582939
34296871
34272065
2136661
2136456
68087072
68014139
33937547
33880528
33819021
33813112
33672089
33666025
67325979
67217730
33472968
66820865
4174373
2080257
33270532
33262749
66414919
16434364
16422480
65523932
65505275
65414484
65393631
65351071
32463790
16162225
32182827
16051522
32043413
63687740
31751321
31636169
31587132
63056274
31519655
15697371
15642952
15605462
62277154
30777967
30736533
30701080
7618163
7613505
30414131
15172714
30333474
15138152
60505337
15117929
15084900
15042288
15037615
7517897
15033013
7511834
14960396
14939765
59465130
59272934
59262723
59146761
29536919
59033632
59029339
58988334
58906323
58895880
58824081
58822211
58729180
29359898
14659867
14642105
14633378
58532351
58487201
58484964
58442349
14608712
29138367
58193733
57662804
57648263
56967164
56737115
56667057
28243953
27964922
27963616
27956468
27954358
55202641
55154493
27548188
55048977
55000703
54977482
27446729
54807831
54766117
54742298
27358859
27283152
27122308
27121544
54222093
54201862
54091077
3359454
839260
26855473
53227535
53191271
53188828
26513764
26443055
26409188
13008964
51942975
51806484
51387970
51158504
51156516
25415515
50773468
50768142
50612328
50403661
50378985
50358907
50177486
50173440
6259671
49877758
49598500
49546870
3085001
49133741
24546035
12230659
12204894
24392154
24288292
24173791
24172226
12026120
11986522
47917173
47914436
47897635
47861453
47815659
47793020
47734074
47727693
11929957
47703729
47681705
47406596
46913407
23388215
23322148
23309715
23308112
23227896
46253841
46219329
46187318
22985111
22967724
45840254
45439424
11343249
11341214
45263586
11304156
11285859
11281508
11271835
11262394
44674064
694114
22094483
5497112
2735113
5466458
21632872
674882
43112860
21494320
2685455
5365489
21435287
21333919
21306560
2644868
21133812
42135502
42134270
21049759
5258813
5241101
20822895
10364162
41177461
41022752
40960542
40909336
40574132
40119654
40117916
40114763
39896306
39876479
19622239
19427667
19335553
19264917
4813061
4795849
76718359
38272198
19002244
18966319
18952591
75801628
75693793
75588939
75478099
75237614
75177829
75037420
74733803
37290842
37241689
74161808
74130093
18480559
73735611
18420092
73673758
4598115
18357545
73306191
18268954
73062932
72930843
72781155
72756666
72747426
72702306
18163587
72519487
18081395
72290727
72211191
72160719
17994533
71938838
17871726
71101273
71067157
70929730
8846857
70758431
35250470
4398321
35092454
8768665
8763021
69448331
34592046
34540532
8623772
68932141
8612417
68779825
34233976
68404046
34143406
68186868
68112738
34016786
34014983
34001973
33980717
33946924
67820693
33898265
4235988
67771624
33855461
33842030
33811040
33792486
33776141
8427781
33657559
67239652
16799897
66700126
16628856
66172916
66125136
65786842
65766139
65624672
65520792
65508331
32741594
65448656
65433379
65411923
65343443
65245096
65171333
32572812
16280946
32496294
64913594
32412932
4045235
64711915
32259064
32005701
1998576
31872321
15928288
31744152
31743221
15841006
31587460
31486809
31482440
62841300
62606127
62582048
62174794
61815045
61652442
15385335
15381579
30666170
30653806
30640386
30628234
30396771
15166383
15166301
15159044
15158739
15129226
60444446
15079127
15063034
7523662
15013249
15004994
14976149
7411838
59263172
29607319
59199295
7399744
58977606
58967597
58965112
58962940
58947950
58896909
58889236
58836682
58822664
29382783
14681850
58544663
58529431
58523452
58493931
58442025
58440560
58335396
14579956
58087182
57887091
57877252
57876912
7216965
57538151
57519235
57491667
56760164
56611684
28294712
56009116
27965389
27965029
27961067
27951919
55638233
55333979
55038291
27514120
27507278
54990675
54980068
54979970
54838155
54831989
54794588
54788619
54767652
54760004
54755321
54743808
54734828
54706684
54706305
27282977
27272256
27173346
27129052
54230756
54179485
54171933
54136898
54099534
54097510
54097232
3376065
53946759
26838879
26745956
830930
26513257
52985004
26407020
26397607
26208898
26208014
52393599
12912031
51531080
51415905
51391867
12790051
51000852
50989589
25477365
25456020
50661392
25321804
25245726
50446518
25201478
767669
48850528
12204008
24404681
48714512
48546223
48393299
24166198
48278174
47875914
47868695
11965524
47802899
47801505
47732115
47691396
47669474
47665767
23826205
47306744
2946402
23435858
46757862
23318807
23235875
23205700
23202275
23201501
46179914
46021787
45991274
22967306
11332297
11325743
45271620
45244906
45127071
45031476
45024179
5606946
2782914
22020143
43658878
43407761
10787177
42958086
21476154
21457963
21417225
5346277
5346128
21324983
10651803
21289850
21276879
21244120
5253187
5241747
41790675
41764076
20802248
41551714
41334552
20621008
5146950
40912109
2556869
40232418
10021372
39898801
39894469
39891095
19414218
4851315
19293010
4788403
4785872
4772327
19077649
9522100
18982516
18980385
75846010
75834636
37897379
4716708
37727443
75368170
75102556
75029085
18744178
74584924
37116778
18497533
18415430
73523063
18356901
36559571
72861229
36426016
36420540
72781784
72643191
72158006
18038949
18035403
4506703
71935904
71884155
17832934
17777453
35164620
69408488
34544910
4307400
8606590
68806553
8592338
8569957
68436126
8550955
2133872
68195494
68193682
68176458
68082051
68081400
68077965
33998465
33986507
33984421
4243724
33921205
33916664
67787182
67786045
33881867
33881195
2114459
33814605
4224878
33778048
8424582
4211346
67213929
67207676
33571947
33466101
16699306
33380419
66640812
518838
66381456
66122219
66102724
16444843
16432931
65682756
4103621
32793604
65550019
32774299
65514880
65444469
65380723
65272235
32545143
32528616
32516116
32375062
16180845
64482369
32214847
64424575
64291966
64291763
63983380
31919547
15944591
31882746
31851075
31812186
31779803
31733345
63341347
62903825
62752716
62658162
15615049
62003952
61791641
30812543
61442772
30691059
60696821
15166969
15163043
15079691
15075697
15026199
59997743
14985111
14975324
935093
59806786
14940761
14936706
59574273
59451827
7428090
59366573
59365013
59351006
7418507
59285971
59277017
29595889
29525595
59022494
59006306
58981702
58962403
58926067
58901514
58887873
58718314
14675139
58477468
58474820
14594790
29009635
28952176
57902645
28950828
57887365
57827319
57667900
57666023
57439744
57349045
57302808
28315124
56497998
13983121
27954582
27865729
13899419
55587975
13890297
55307532
55261546
13779647
55006292
55000287
27468055
54817667
54816562
54815492
54801165
54796653
54789403
54592340
54237629
54197437
27094466
53977291
53946853
26903991
26877132
53655610
26822148
53232148
26607667
831461
26509603
26488196
52568082
26230631
13110241
26209042
52355926
26121661
52175805
12988377
51550643
12787209
51013983
50772485
50767051
50748423
50709092
12648255
12634681
25213880
25196912
3147655
3140672
6267011
25031879
6237432
6235510
24925886
49481528
6164060
24421430
24400788
24296802
24290239
24279245
756104
48087744
48085299
47814892
47797118
47742414
47717341
47687094
47667955
47456049
23636233
2947221
23485503
23451477
23379518
46528722
46412412
46365486
23176148
5787307
46282364
46230824
46227387
46219337
46198886
5767464
46048331
46034753
5753393
46010254
22979300
22975581
45863806
45728183
22794716
22713838
2828863
5648340
11295060
11289833
44980915
44537097
5412128
2699938
5399031
2696570
42965266
21471412
5366589
21451005
2672646
21308810
21266446
21247492
10531272
21049481
42058061
42051818
656718
41994584
41987002
41835980
41730131
10386394
20710438
10343462
20683236
41196741
40971646
20348364
20280298
40346641
40050960
40002681
39892051
39251763
39145877
4859613
76852159
38360376
19127575
19093700
18984742
37908837
75804838
18944925
75694085
75651021
75633241
9432269
37721793
37480781
4674048
37208263
37149049
37128629
37115454
9274698
9252118
36991217
36961391
36937791
18461740
73667838
142862
73074935
73064223
36419673
72799807
72759033
72748173
72220357
18012767
17989494
17989466
17967974
17919888
1119613
17870854
35733324
17804611
71112190
70851771
8811378
35210952
8772422
2193095
8772013
4369621
69504405
69471744
69448887
34720091
34714645
69361349
17301893
68839734
68752695
8590329
34324239
68646562
8579309
34316145
68520760
34231070
68419771
68298908
68245286
68219666
68172948
68170617
68122340
34056565
34037510
68039943
34015632
8495422
33981683
33919967
33856143
33856028
33825700
33793879
33793064
67529859
33749581
4203509
67230005
4194810
33361896
66201800
33054849
66085525
66080689
66068749
16466334
16466021
4104469
32801324
65587398
32770326
65507124
32737062
65326382
32632552
65148830
32551774
65094023
32546553
