10000

100805378
18992314
7593374
63838837
71905101
14966549
16700354
37154031
47308094
47779170
45989206
59020235
59449794
64108036
58828070
19325021
54460901
21171180
72234742
54081722
58515144
24286692
46801897
72727082
23289040
33069049
14642110
36414245
64717634
57525763
59854817
78587972
33501049
4139113
47739255
46549022
2372465
21422182
15027666
59474184
54208077
58439661
62606110
14650559
33781232
68580651
18266775
58439388
838035
13123163
58955289
65791147
24732530
10388690
9332326
16435101
56839786
19340909
34883459
35143105
8770793
8765171
35697435
68988207
15094500
72295624
33966310
33812979
14951946
2734787
65500969
65104785
61637543
14961686
4435789
33533605
2746989
65170880
11294643
18052124
6962157
33848172
68636083
54785779
65534356
65387930
29592415
58473243
27163707
60721492
58547141
57539639
70227334
47767129
18565255
23384798
41787610
59185601
18670954
40645324
58532001
24414779
32367495
50359170
24169364
1722368
55151969
59294830
54735306
15652103
59487060
8766664
31522606
40547021
50455572
21289316
33402960
16577843
32540920
47749949
19424114
62303801
24046841
18517502
23289013
23252025
11316729
34568685
33975664
4236433
27804042
46769938
45206776
76829666
47718955
34595995
55153511
47922127
45981205
11987732
26208553
47717189
15132755
58962879
34135082
65102323
26357819
2666853
18971186
74161749
57503534
47837363
19506268
67826212
15151019
54835778
53750316
12210442
47835739
47692010
68992187
31798069
31456066
37692448
15117809
34627738
58886575
57502730
75362672
15387830
15040883
23203898
76392575
17785639
67170645
14995045
54754980
54093660
45024961
21301319
5254714
18983684
74933329
33184991
62616251
58531422
54788572
26186677
22991866
2786082
73664053
30366278
52316907
45152433
43059304
72306551
72260864
16716587
17840105
46796062
11316235
64301377
31576163
23252384
72278335
18011039
33886955
52394565
25883286
50708529
50371615
28199014
2696342
32038799
58897512
58449997
46245564
18470160
4249340
31774962
7592648
2848013
69278641
3696668
14677471
54763677
2669980
4808878
59874815
58444748
47829407
45244686
21437670
68429550
26375510
24386812
4909276
18988983
18948710
36855681
15063473
7528407
59973156
54707705
3224289
2680542
40310281
36353578
68775176
33441448
31780115
59450087
14529683
54492010
11984340
47733977
3959520
47848688
68213277
56447306
12705612
65414320
58800763
46210642
22141765
1976455
58920012
28960382
57524401
28297639
54242537
33986944
67820005
15663989
15106275
58925913
58541033
54725612
51567455
50197778
46229633
46009883
38867877
75225352
34505716
2080304
65542578
30831070
27206987
47677768
5791374
45054517
11254102
11032474
43518895
59444237
57559274
12216655
45987176
4924199
37148766
34628362
65685415
59548005
52546167
40730402
18970489
36106177
35048176
65544717
59994169
13891296
75694526
33904909
33812072
30917240
15391129
15165160
14852057
58879242
50385097
41631424
19093485
74873325
74587429
36349240
18025746
35133401
40807168
73752370
57876644
57534014
54176169
51382212
47750161
23379189
20559369
5067474
35242969
32533329
29476010
1720041
6872435
24170290
5773608
4776196
4194502
16463603
58953270
23590409
22655440
75029993
35151244
34358401
4113788
65548203
32546329
63679092
59995382
58851058
14647755
72780567
67069175
32365684
15008124
54979041
26454953
4785045
37739941
37093063
34148456
33377220
65176327
65175302
64241527
15140986
59751380
59261192
37738053
72365553
15153822
59170976
36023579
71023987
34567658
4227912
32766833
15147177
58966024
54254635
52314949
50490317
47773243
22794454
11311213
40345930
67249142
31732903
14994325
58550491
57499156
22608078
10351034
10342982
75840072
2137617
8420923
32356896
58975832
57676576
23836789
34625472
34571707
67312527
59674515
58890070
56090095
54791371
52704139
2953974
2669348
37455366
36427005
71000649
68097565
16702990
66212096
65440156
31772882
7712356
15066305
59964689
24294880
23298664
23224252
42136209
40342554
39188573
39007593
75152989
35008423
34595867
68779219
33961212
33829405
16466781
16450697
65243692
15666900
15042352
59276530
28947200
55049189
54973486
26509558
47800246
47669523
32546712
64904590
63785444
7569226
59167904
58849369
57547456
50276445
5363210
40648363
39883189
64299458
31724562
15116805
15045689
28944576
3589830
26785089
51387973
24833402
2768233
76974646
37127836
72282237
72271655
67672980
16443720
32551073
16000356
31996350
23233690
46048368
45984470
70666361
33366336
15108486
14887470
58542932
13644210
54164280
51156944
34620571
8591944
33977836
58504109
27038220
54032315
47692866
45029608
18267428
72737049
66173414
31806573
54231102
47681064
22713164
45035765
21482039
10416275
41554107
10330695
40129180
34011655
65257953
63427672
63359079
29596177
57876451
54768755
54229131
47685912
46539351
23261092
40355514
75149026
65682669
63730512
30922117
13350224
50615612
49597806
21479666
4890973
9334106
74462360
4628526
68595208
65900748
64292104
63434050
15083812
27134599
12684013
12500500
23753014
20587172
37112491
8428634
33083940
65450321
32524075
31862708
31723285
31489138
1914394
58477683
14578886
57477892
12790244
47755065
23282233
44827595
693792
5407154
34886109
33804641
15763087
12687289
47741650
46206968
45964752
38564141
66100596
65684057
65538065
65440363
31780623
31490421
15119235
15098043
59674284
58243402
57378601
54237526
51407579
49180513
40650437
8765063
4248623
33657918
62620589
29330834
54094653
24163854
43417275
18950560
32521416
7642679
7422725
54816252
54184145
25013325
40690632
19325346
18956239
73433959
17921045
34511927
65435261
32561820
63322551
58930224
58467024
57538247
54225810
54225476
50991055
24170581
47762749
45052723
2672345
9340054
72214029
68665852
68079990
65522897
31555644
7518469
14986016
27104217
5689839
2678025
19174781
9569019
36842547
67213544
15041575
58468423
53606021
47679449
11335933
11303764
21324439
39901947
39766455
68394815
33783233
16695957
15131218
15012819
29399553
27753150
46783098
45041756
41729278
70998136
35248041
16563782
15105418
15045275
59357769
58438832
53928399
13004030
12223461
23287003
45165530
44641713
77211402
4754683
18386130
8749560
68455155
2081893
16425371
32775407
65439986
31824729
59469580
58596262
14635703
51482927
12232371
12148424
21313531
4912280
18400751
72813304
35132993
8756662
35008727
34552541
34242081
65429211
65148660
62681316
15128024
15119415
14943778
58981257
6963405
52325313
12972848
23296489
11261773
11255084
42413927
19140725
69540271
67772289
1057906
67550428
66100129
65708895
65173237
32552103
32042328
31825623
7855888
15652140
62604089
15067166
58822910
7295678
55031715
3373058
13345929
47795390
11788599
23237179
37742581
72812957
35542803
34135264
16798876
30290526
14941577
14865158
45945363
2836144
22607630
75159083
37117452
74156979
68170759
2130022
68149866
33673615
65248975
15106744
15000122
59471897
58085943
54207519
3348796
26225536
23147981
46227870
10608302
40481302
72735527
35152318
8773289
65416247
31789603
31479784
58947641
58906364
57675064
57331880
56519157
55154899
54972977
54707565
54186729
47917030
46494762
46427653
11312601
41832184
10338602
40111962
75277423
18816174
74446100
36961618
72800416
8557683
4227368
64998904
30932686
30358221
15036747
29499627
58864359
28960504
887275
55132305
54754365
13459944
12789096
12184543
48333141
48259427
23384759
46562061
23256943
46224255
40078471
39881391
75806580
37267664
74488259
18261413
73045446
72510497
4452785
33072152
66118361
65326717
4014575
14961465
14946816
58919535
27139416
47758472
23839451
5380978
36943247
73279624
70835298
35154349
33822957
16480412
32550788
32344512
15158256
15122608
59206200
58898744
57447296
54784184
54208572
26772301
12255722
24388321
43105376
36968371
72757522
35119480
8747233
34630133
34597537
33836491
32802942
32522878
31850875
15698621
15656715
7356567
56919436
50379186
22973804
22972333
2681372
40119602
18950556
75037229
36077728
33884289
66081206
65339011
64295951
15120741
7517266
14995492
58897870
28223522
54153862
25047938
12512032
11976133
20457292
40573140
75680181
74488125
36636268
70981551
34425789
33699301
16717254
66226846
32700495
30968473
15381646
58864757
58530722
57767045
6963164
6956555
54825998
26411259
48395440
23991069
23390638
23233571
46002333
10819656
2646625
41139150
2550044
19470457
599485
75019538
69606858
34615652
34162291
68201795
33197180
31485887
62650106
3906022
7613042
15134512
7527438
59849547
58560256
58556931
57675831
28102454
52930597
25271616
12223959
2936614
11280098
10797229
38359802
8754780
68629843
68145891
67669519
33811597
66641564
31797907
31779829
7556108
58552220
54715173
54248153
54213561
26508874
3140684
12491860
49496285
47901963
47725033
23388297
46061461
11304336
18956623
72834479
34906310
68176501
65033435
63973619
31786103
14958717
59475925
59474490
14835885
58883403
14511407
54748007
27064645
50998674
2991012
47663989
46762537
46239740
41193373
41162482
38556424
37288038
37121567
70295981
8769357
8763241
34840241
69410055
34148452
34105411
33943148
67807111
33811515
4205719
67077458
33158912
15705684
60640877
59459471
59294519
14692958
58562979
14587233
58105762
13741585
53995832
26981775
13402827
49093368
2921963
46048935
75484400
37107009
73305338
72873763
72846168
34598157
16725721
16694076
33229108
16443866
65677515
65526616
65435990
31755873
31459875
15012140
14978835
59364516
58875707
58441105
27960569
830578
47787595
47718897
45999753
11316852
2772340
2697659
21325917
42441765
20173062
75871559
74490278
36404809
36312527
72158841
17922987
35233438
8753183
68776389
34042328
33826641
16688930
66245632
65452557
65224365
32264126
31837587
63106678
15114051
15082696
58995297
58555888
54768304
54163969
53551660
25959932
12689525
12193140
48527293
47815358
47686045
23235685
21475717
5189672
40657157
19869025
18999079
18561623
72715222
34532348
34514770
33954035
67890403
33869937
16699176
65388272
64165774
32015932
31812324
31742922
62603886
58877246
57652935
6975508
13914558
54834781
26141667
12983158
51500418
50772407
24661394
12255387
3026137
47709562
46392264
20569835
41093667
10138155
40517963
39899931
38050750
18354690
72860688
68193595
4241423
33792982
16432352
65433945
32399950
63692498
31836817
31733575
30577251
15084499
14938099
59739911
14821883
58999678
58967427
28945153
54829524
6853113
26301019
26208387
26029997
51021300
25010006
47760602
47668544
23428912
46753780
45979814
22983621
10620318
75969438
75758315
72800347
68446751
68149153
68148400
33986355
33385740
66630811
32797857
65164503
16225547
31970014
62011450
15119546
15043489
14958269
14938221
59482312
58923597
14634107
7316011
58438906
55808374
26250038
12557918
44892952
2767712
5398088
43108302
37880361
37735624
18801728
74090760
33918845
4181288
32268253
64078115
31834181
1926061
59432239
14848717
58574131
58534857
14633667
14572470
57673744
27130701
54195360
54053588
53925595
51000552
24171661
47724302
23411756
23300106
46266349
45974109
44325280
2738761
5254274
40245285
18768823
74895295
4664520
37211498
72201576
36024775
68653928
33974672
16581820
65168125
32542871
32327995
31723524
15740744
15666849
15661980
62590530
62154009
30540263
15018495
3496096
27555199
26336507
48256088
47668023
23417024
23283151
46000543
45949279
22009115
40438646
18988747
37138335
9264166
18261059
70530912
34892929
34601578
34226541
34003439
33975718
33809408
32775939
31873823
31812359
7952198
30458276
15043004
27767199
55141806
54996121
27224515
24971144
49008215
23900465
47796703
23388202
23250691
46015392
45981210
43410239
42139981
5249037
40258198
40061990
19680890
75972858
74918765
74552804
36962804
72798587
18009665
34632051
68054688
33429565
33059873
65526934
65316763
63766511
31839634
31513731
7514509
59247227
58658047
58538078
6966170
26389444
51240320
12785524
12211374
47872146
47736216
23285569
22791405
22601487
20578725
19344592
37513479
72844730
71807854
35489335
8773809
68625753
68400622
34031233
33808538
33202544
4148742
66316550
33057790
4119971
32757534
32749574
65405963
31739796
3695939
58999092
14613086
58449081
58440900
6979238
55204202
6846953
26222080
51638492
24851504
24293268
47869770
47721437
47275071
23298935
46235581
45795298
11350575
11321742
21292737
36430634
35133608
68217598
33782623
67230821
65683672
65400691
8063386
7593446
14957060
14786840
59112221
58968021
14690656
14624483
54724923
6836794
54232924
54151162
26989625
26912637
51559208
3185984
49130974
47923312
47665821
23235649
2828653
11309127
706637
21472614
21173214
41294819
40264725
19309166
18988480
37480482
72241982
70752722
35008955
8646401
34162371
32557183
32533052
32268274
31773095
31744583
15081885
15004413
59979283
59864175
59388476
58929227
58908789
58868693
58857305
58836649
58521246
58500253
58495795
58477143
58467681
28282889
6966455
55142179
54797005
54722709
51302191
51288724
50985604
12193175
24385466
48094046
23384298
11592844
45993535
2795772
77403412
9517145
37147725
72793544
34913099
8635308
68806420
4286297
68169603
68148729
33931728
4233361
33567597
15152448
15080856
14975160
58909887
55564511
27186120
26839695
53672742
3315629
52373322
3116301
47786561
23698207
5749396
44700984
10805897
21300536
20958364
10346029
40569267
39887004
75082360
74383491
37142388
74120446
72163498
34677418
32653544
32564553
32426417
31877447
31734159
15121826
15044779
59986228
29645847
59020511
58680970
29176786
29009317
55994152
55957875
55293793
55015177
55006325
54197225
54078023
26396336
25434382
50390600
50375500
47859638
47755963
47688355
23101245
45949795
11350459
2702268
41322097
41068820
75257839
37138875
36605070
72845052
72716507
72218748
18030840
70743534
34599645
8622896
68454080
68256774
2129821
4194363
33110008
4123180
16468686
65408470
32568014
32464440
32361982
16094501
31826124
31766188
62592980
30624989
30468806
15023803
29499266
58823781
14688920
58554887
28937920
54986194
13728805
54800588
54241742
54240785
54169175
13321165
12062690
47855261
47698466
47669252
23148246
21577635
2696678
10534562
20562913
40054710
39902239
75020600
18650716
36403051
36324441
17989256
35147996
34916513
2141315
68428874
33993183
4227978
4185504
16633322
4148817
32820584
65452482
32523879
64290269
31917099
61652028
58996294
14672478
58472242
58450795
27963960
27752205
54722075
54171578
3377150
47873891
45991616
45946503
45676915
21371012
42414042
40392946
19291421
36863680
72869453
72843946
72717501
18025991
4479952
34627165
34625565
68097090
33940518
33702691
33677434
66824250
32787246
32521756
64750803
32317007
31939501
31719876
3958852
3954921
31550866
31531730
7869169
7858516
30620178
7567610
14984336
14962867
14945399
59178969
58544265
58476667
14608257
14524028
28242548
56368092
55260924
54791368
54172610
12719977
12704700
12120258
12116433
47825114
23423502
46131748
11336257
45127793
21475081
5121329
75656518
37701545
74463622
36669233
72853683
72267896
18035062
70945563
70630058
8814809
70341093
2144890
34151923
33867504
4221914
65522130
32674772
64905598
30902481
7388711
58977851
58941007
58925611
14522350
57884114
55614979
27185040
830810
826686
50343556
12445361
47957716
47815209
23302788
22941272
5732791
45034967
37822881
74477302
74088628
4544937
72517377
17841090
34955650
68049446
33934287
33562810
4178724
33071527
65559867
65335803
31991611
63777621
31854826
63245685
62993605
31481236
61784728
30623191
59472392
58873371
58858516
58822563
58718716
57392094
6962456
55024642
54188892
12169197
47709054
47422087
23288669
23278379
46258464
11321774
45160273
2664480
40498143
19171920
38165764
72748452
17926407
35653546
34126841
33791008
32797585
65273420
32569456
32489052
8054714
15941761
31825679
7857747
15441348
15124602
14941482
29657079
58914783
58880380
14609511
57579437
54805042
54785813
52353886
51130429
24436010
12184481
47924215
47816685
47666424
23247076
2760876
10354497
40774725
40680605
40649315
40484552
38863240
19328535
76751988
37994209
73064441
72812700
70272772
34922066
17387822
68655050
68124938
33830105
33801089
33778221
4196015
33510926
33190709
66208670
65229120
31753581
31740379
63120903
7868522
31455249
15169620
15168903
15148340
59003796
58927375
58906915
58851393
14682743
58545278
14617753
57582257
54994175
54828796
54775168
54732422
54212281
3376979
13402845
50990868
25491349
24837400
24152193
23504744
46928127
46395336
23147494
45163870
19852170
4938227
75879435
73300449
4511892
71902857
71058033
8596641
67346578
8414248
33310518
16478005
65409206
65385190
32515993
32342125
32338985
64000933
7868405
61962836
30916182
60108046
59980662
14981809
14937277
59003048
58823350
58509867
58509361
58493792
7135508
3547083
6865142
3353461
26309625
52084220
51501611
25346846
12660848
49169272
24423087
12211475
24383650
47868775
47826692
47797409
47767929
47761108
23279869
46549646
22991604
43191021
2663864
41827555
41112097
38297454
18827518
75204688
18775157
74577135
73126271
73062501
70907144
34613693
34138809
34041540
34034806
33882213
33781695
2107289
4186730
33077875
32781113
65539015
32751618
4091860
65429099
4032082
31763376
3957354
7380887
7356129
14700503
7314678
57543825
56813842
28241319
54818855
54738215
27360260
27336628
54164133
26235471
3097159
47840490
46028080
45989025
2693345
20625631
40055861
75229892
75211648
75055528
74744923
74120744
72281716
18059149
17998402
68146863
34030879
16721109
33381588
66118342
65560676
65500726
65448189
15992025
31572691
30557883
7628056
15156549
60321016
59994919
14971221
14940496
59264458
58991178
58916034
29396353
58555089
56624773
27768418
55169542
54764247
54167931
25951756
12847640
50990714
12181520
48522465
12079165
47871374
46748125
46722921
46603986
45948227
5635516
2761985
10882189
21558676
20243933
19093985
74897252
37280271
37171534
37106725
36864194
72861590
72784473
71915542
34621277
34032771
16698140
66109251
4107165
65555868
65515238
31853257
31834177
15541797
30456137
15065053
59435709
58964402
58511236
58080897
56655982
27753754
54826597
54752424
54593773
54210554
54162261
26925543
51537494
50793917
50397141
50387653
49202214
48972794
48699680
12032510
47719783
47692847
47498532
46210618
45054115
10336948
18657109
18479650
73733676
18373024
73045078
72837406
35726730
35002056
69134454
34043161
33996669
67772991
33871830
33352940
16448042
65500265
32337246
64109076
31796965
14791886
58964586
7355657
14636987
28943912
57661833
57537706
57476978
28593643
55957791
55257225
55022460
54789577
26461229
51231275
50991089
12225319
47755670
46884124
23284290
2773302
5369027
21421632
21417476
10444106
40995240
40734008
40337187
37991076
75501983
37144774
73744165
17897984
4443274
35253181
34904838
68776740
68141031
33998514
4205244
33497373
65413812
63871059
15705067
59082807
58590636
58476948
58454322
14516515
55193539
54836354
54834673
54153252
26484704
26445413
52344040
48302627
12031147
47864710
47726173
45984614
11286389
45033768
41241878
19143287
4783975
75279827
72772568
72738828
72296934
4509200
34145063
68146269
67831950
33829186
16885608
33367342
32787970
65433181
65429730
65422904
32558561
4001328
63552509
31740013
15644674
15340840
60667891
15137795
15078246
15041602
15022350
14982446
58967818
58897516
14684189
57662414
56011329
6968710
54981906
54758276
53983011
26463775
6168382
24649429
23369144
23313367
45976548
44838583
42140546
41985880
2555533
10175044
40626359
40118337
19341694
4825646
76209545
72910933
72703472
36317160
36020001
71883413
17785307
70919462
70315980
35143944
68396771
34126882
68163160
68110744
68081433
34004137
33997470
33967460
33939931
67845604
33907263
33901957
33882065
1055942
66170933
16463371
65799446
65500064
32741896
32427262
32410100
64305439
31688450
62589591
15027970
59430203
59270317
14695876
58531820
58531075
28304073
28255615
6995897
55164650
54553289
54249225
54059178
52317188
51421533
51379600
12633773
49130008
12201094
3043023
48428977
48254575
3002181
47691790
23776879
23408445
46803576
2923260
46309535
46280334
45983350
11243757
43749665
41749875
20691972
40334086
2512940
40131549
40071763
75263210
75140923
74569070
37266183
73306559
18013458
71913175
71911833
69499881
8685767
68993222
68561538
68168871
68114609
4208148
66081033
65415652
32513704
31867339
63133355
59170251
58692687
58558732
14594829
57390098
28292951
27959003
55162098
6827168
54130851
50625196
50438545
25004583
48520420
47696923
23287381
45993047
45855889
2830906
20974194
20620605
2484735
39179314
38240095
37220098
37145312
73295792
72212767
72205745
17938758
34596917
34126892
68104091
67973733
33824982
67598076
33016914
65503582
65171389
61815847
30735455
15067935
59991749
58951464
58211674
28222415
27777684
54821818
54768034
27121872
53661873
51035306
25348890
24418962
24414709
48522089
48136616
11990737
47926653
46441348
46427372
46411426
46173714
46036075
46026515
45971921
21445710
41844836
20683720
41285144
39895691
19338171
18999957
75762399
37125822
36435982
72735797
72520468
72307311
18073485
72282590
18066126
70758820
4418988
8618665
8586612
8582419
8525592
33965795
67843727
33882176
33845761
33777525
67211478
67096975
66573164
16579475
33047415
16413853
65519821
32539034
2016381
8054213
16038612
31944172
63118780
62718430
15644162
31071570
61800759
30431129
59669534
3661077
58495463
58459810
58162390
57661661
57493987
13734373
54831706
54746518
54738485
53763266
3349294
50767966
49845706
47706730
46389871
23149423
22992111
2767495
22069667
2694494
42188901
41823125
40720497
10115242
19330287
38554718
36792032
35104034
8754915
34616351
34590156
34585088
68700315
68407308
68091788
68079352
34027328
33990542
33981514
67843905
33844067
33807572
33773623
33537290
16719251
33201469
32548346
32533028
32521956
16229884
8069131
15643030
15361810
60517497
60473610
15117080
7532848
15010711
14994178
59900626
59437148
59031046
59029836
58966967
58549206
58453179
58440947
54794520
54710838
27091527
53067291
26454422
26403261
50771234
24176059
48096155
47816500
47765428
47758413
23202080
46364749
5767032
46048214
46034990
2860904
11329403
44926225
2785963
43172766
2663324
10333780
39895793
38929634
77355749
4803819
75424040
36964973
18009604
71944755
69557899
69196264
2138621
68408954
33920505
33669911
4193295
33042108
16471677
65515318
65344955
32355554
16100642
64241253
63781426
31797839
63411494
15041514
14946641
59480980
59364279
59112436
58905668
58860536
58819545
58474759
3591202
56083335
13895552
27753474
55188885
54076284
53672057
26533098
52970817
26441885
50772020
3125057
12210875
12202356
47869323
47868407
47755100
23696632
46906186
23302057
5803784
22976437
10821170
10617200
21100972
42138192
41195279
41087849
39865411
38125041
74550455
4636423
18483801
72855080
72793812
72738532
72301665
18004842
17959602
70965788
34640358
34635497
8576027
68133923
68078733
34015062
34002885
67780819
4230077
33773648
4195106
66813958
33366973
66675575
33196586
33058302
65533835
65515064
65514892
65392407
2043420
32186388
31951616
31932958
63862429
31763245
31732306
62955446
15162673
15132934
60472227
7524795
59901930
59473270
58995842
58827364
14700861
58794419
14633872
14352782
55173274
55052109
54988565
54868422
54790040
54774414
54719968
6839203
1709429
54393500
54060489
3355593
3353490
13129841
51404042
48919800
24280675
11973429
47760803
47679998
45964695
22587995
21435388
10607676
10462424
10331736
40433530
5048638
39976994
37733999
75103213
18639021
37129763
73665608
9107549
72736398
36299252
71447335
68564164
33956710
33916905
33841232
33782692
67481300
65517207
32746173
65471641
65168121
32481920
63900961
63548914
31588912
31535038
63036070
62283672
60912410
60750841
15038280
15027219
15005544
59339616
59021617
58505844
58423234
58208691
57530419
6968663
6836432
54217457
54166691
27078952
53899982
53671645
3349740
24289033
24277253
48527737
48339349
12072383
12010797
47920912
47789567
46553774
22992454
45947161
22689678
5450565
20612570
19345457
4772631
19016252
18959891
37167348
37155203
4625749
36964366
73744800
72429915
36135320
72158891
35146522
8768631
8762416
17455462
68634202
68081862
66171698
16413586
65539176
65526449
65441487
65229634
32534108
63988864
31723370
62765878
30636302
7540781
59997432
59508178
59381554
59182501
58999709
58964413
58847707
14632740
58459861
28955083
56353529
13934731
13893247
54971811
27357002
54175146
53984549
26906911
26245435
50621767
24773801
48404828
48050685
47738504
23826592
47306930
46604222
46397954
46010374
45955831
45949055
45946767
45799482
22794653
11331005
45038646
11259599
43169795
10791872
42408649
40570068
40557471
40482251
18484629
72821012
4510009
17991780
69469132
69448917
69225034
68657254
68461389
68149879
34030655
68049051
67838336
67592344
33512116
16484012
4109126
65291396
32325172
32182930
64281410
31752077
31499086
62907414
15660526
15147566
15054153
15037685
15025715
59453094
59133901
7391179
59073774
59003845
14632399
14631990
58450615
14587511
27737523
54789661
54047397
51014763
50662366
50372246
6085682
12161045
6051706
12029147
47761961
47739028
23459313
46075558
5756015
22669267
11293498
11273672
11256802
44551078
22140127
5376218
5257225
41831895
10384978
20704590
40588828
19402479
77059577
9507930
37830388
4703560
37454680
74598195
37148803
37137987
73065994
72907512
1138659
72217178
17900399
35124311
8752410
34613958
17305564
34146955
68126607
33935635
33842391
33813182
33803978
16822499
33253091
8259864
4112303
32700048
65345571
65165959
32569558
31819607
31773768
31752160
15655212
61401988
59471822
14636033
14624600
58494983
58493985
14579369
13894325
55010511
54809431
54736814
54724039
54707258
54545555
54056614
3329042
26510593
52689323
13121798
51554021
51029057
50983485
3148969
12470210
48839320
24322285
48344757
47823489
23444055
46886406
46207219
46006714
45868949
11314786
5645272
45053650
2749324
10806065
2694338
21430552
5355903
20836252
20702032
1288715
40465580
40433118
40276115
39894414
77320673
37577533
4647238
36982123
36979966
36850261
18402385
73420871
8845057
34860397
34542950
8616653
34237446
68139044
68132988
68120102
4246204
67882987
4240323
8420633
67257180
4198212
33537703
66805802
66791479
33096153
66098377
32522468
16224600
64223660
16037314
31774843
62655964
62606379
62283448
61879172
30522957
7605881
60493896
14975928
14974376
14957128
14946741
7436330
58922899
58522474
58481870
14523276
28946627
57606553
57525209
6963417
27785937
27679306
55006906
54790847
54738956
54580462
54242397
54208312
26903040
13378303
26198224
25954793
3222703
51290066
12821426
25501420
25367512
25001427
12284032
12212582
24415716
24280536
47761504
47737433
23436451
2925813
46515797
46227202
46035845
46023051
45973905
43708698
10898276
2701304
5250350
10413600
41515347
19895918
39218516
77086524
76938125
9566979
36647404
72924618
72772311
36307611
71528676
69606844
68751764
68401117
2132883
34096767
33915143
33842487
33830379
67529110
67074182
4177193
65684097
65677186
65390272
64299338
15994875
31783081
3957260
63142718
15645867
62284152
30929396
61680919
15389350
7603376
15159220
15120290
15098605
15052910
14946903
59461702
58931840
29162253
28944188
13886927
54199721
53911023
53671939
26822175
50994495
50878769
49194375
47944955
47820912
46918136
46224375
5763074
23044398
46064680
46035310
22966587
22022151
43578413
21470525
2666677
21174908
10550465
10417151
40276323
39898460
39885981
19865847
39034844
39000652
77403337
76785739
18983603
75140740
74393004
36415065
72785577
18045887
36053771
71984956
71128242
70985760
70734081
8794030
34621734
68639999
33984178
67477665
33432036
66792125
33385883
33365528
16447291
65519281
16361886
65445137
65440250
65405051
65393675
65171410
4062817
64294146
31793220
63153976
15764694
61790333
60822173
60436617
15099653
15063302
59990476
59100323
59061929
59039266
58939373
58564425
58488731
58169809
57348191
28458981
6970419
27772808
27511403
27500707
54945064
54826284
54732378
54730055
27276487
27130057
27123472
54224582
54207799
54172765
3359469
53080686
12241058
24427896
12206047
48037625
11988885
23925652
47720025
47183731
23487323
46077557
46020324
22964734
45044794
44853175
11202657
2741645
10799143
5368803
21394554
42431103
41955248
41003753
20264416
4861952
37062601
4590869
18262322
72727013
36026679
35820643
71360115
17839392
17806227
35004813
34992578
34958801
34945370
2170532
34602485
34596201
34545552
34243559
34159715
68192904
68079046
33935427
16715139
33241897
32788735
65514912
32374595
32340752
4012034
32019598
32019346
31723869
63028801
7858361
30932784
61802399
15081904
15066540
15021092
60023390
14997254
29911058
14938458
7378643
59023117
58823557
58821635
29349293
58562924
57866324
57862122
13928555
3477654
55176543
54841754
54794416
54242276
54064336
26919089
26850501
53287871
13134080
26239250
26185382
52220164
26057539
51979730
810808
51098689
50622666
50389742
49151026
48527300
48527061
47867406
47804952
2962149
23436325
23410665
23396062
23389608
46550588
46540627
5789033
45982445
45944476
22960167
11330635
5529955
5488199
5381416
39900438
39878203
39876303
4828183
76730883
75833804
75204949
72949679
72793955
72756328
72755086
18086396
71912624
70951996
4394554
35057625
17470386
17400152
34693230
68213972
34098995
68194022
33992162
33935904
33914661
67484878
67478147
33676882
67216235
16434683
65568177
32774024
65514332
65451882
65418552
65174964
64166322
15995612
15994676
31856509
31805539
31789935
31741438
15743373
15704048
62603523
15598258
62009216
30506255
30444225
15135092
15079794
59844538
59005518
58951739
58895695
58875682
58862707
14658851
58478607
14613215
28947886
57854923
57433495
56454217
56071486
55949786
55285631
55173008
55006657
54822292
6847357
54714163
53772885
3353838
51502876
50990685
50436664
12377984
3079989
12184852
24174710
48283607
47873842
47675285
5881737
46519819
46271868
45042713
44673859
5410493
2694169
21475769
5366083
41846518
41201816
40565185
40257390
77151782
9604102
9515847
75182024
74159654
18372322
36627126
73079084
72801282
72664064
18011959
17895099
8808616
70205243
69563770
67851529
33832630
33831772
33707637
33200137
1033894
16443047
65510685
32564568
32271340
31578599
31475909
62880680
7855808
30803684
15164233
60477805
15086942
15007438
59988020
14979176
14957919
14944388
59761151
59757273
14937717
59745654
59476621
58861974
14655630
14636074
58513117
58469057
58460075
14544061
57847542
56823838
56228050
55131156
55003484
54790102
27369999
27196115
27136700
53786841
53778228
805772
12686184
24734949
12204004
3013898
48088983
47807258
47806668
47756988
47702718
11831533
735671
23410290
46814946
46773337
46234104
46033270
22978488
5689951
45218924
2764666
21923487
21425809
21296633
21108592
42169243
42036942
41792264
10426728
39875458
75746700
75141194
37438229
36589401
73077178
36427845
72795550
72304272
71944392
35685383
4459561
71176190
70743396
35131290
8746351
69465156
68800141
34233289
68103550
33986794
33843939
33828486
16913912
33508581
66636868
8268664
32786939
65414598
65174813
31809328
31797792
31754780
31717383
62880957
62586665
30837939
30706796
60097370
14972754
14960577
59840555
59466440
7427334
7380456
59028327
59023398
58900212
58545382
58531416
58437296
14372991
57385069
56715887
56449872
27973039
13947296
27527573
55041278
54747778
54503374
54154012
53203312
26493002
52342758
51176133
25510480
50982136
50800426
49822423
12246743
12219317
12181940
48290943
48120323
48089672
47826468
47742917
47687170
47678933
47678866
11729134
11719868
46807694
46433130
11273000
45046607
44860811
22095964
2675478
21154515
10348279
41103442
40897558
40521372
40195941
39886833
2471573
1203963
75656919
75443409
37259565
74478432
37095858
73762920
72870886
72735627
72306722
72267488
72216891
17970453
35274943
35154327
34561122
68857888
68395403
68080506
33871597
33794010
16655909
8281040
66073362
65977628
16419342
65515561
32592662
32558922
32134374
32065233
31884351
31495925
31480574
31459911
30924543
30872892
30509525
60903801
7589539
15169163
15132920
14959266
59731044
59461836
59363368
59075587
58968565
58924260
58907961
58853693
58851658
58450425
58215253
57679431
7002537
54798445
54770194
54768633
54766112
54127281
26837613
26441064
13128115
52483769
52361222
13064058
12792258
3086640
49130917
48745537
24369121
12184299
12034581
48001418
47848115
47820442
47669942
46548713
46136316
22983108
45960325
5692590
45092642
2766170
43315799
10817679
10806044
5363288
2681623
21347360
10625972
42143181
19768436
38301420
18986269
74927679
74898169
37247535
74392940
37125504
74161905
36796405
73009299
72791123
18154661
17934592
71457649
17783237
71119969
70946718
70710829
70589140
17592071
34897570
34603270
34595677
69036252
68987148
8586105
68581580
34144706
34116504
34044995
34028964
34019789
33957409
33902103
33780671
33733237
67289596
33065923
16466019
65448768
32260219
63803858
31851003
31565025
63001503
31481751
62643755
62618401
62607314
15160492
30244559
15107171
14996075
59959661
14977634
14942606
29747966
59290734
58836680
58541278
58481756
58457674
14613057
57866432
57675862
28457556
3477873
27778065
6852365
54733456
27212275
54184125
54077789
53655922
52632682
26301894
51575934
51006163
25392541
24670404
12210489
48448288
48289290
47826824
47764207
23880970
23835225
23773485
23705309
46904761
23433629
23406828
23234988
46070998
45983238
45971993
45839911
11286756
10793196
2694253
5332659
21315388
41242150
40646844
2526156
4880423
38613078
4786924
19044199
18970989
18955361
75248608
75130468
74472223
37051967
37051096
36966720
73663928
18291023
73061996
72824235
72759523
72162851
72149821
17997719
17991019
71933690
17566443
8763220
34662324
68573832
68439179
34126318
34098267
34010010
33953937
33920362
4203807
33518918
16485929
16440873
65519928
65441354
65439841
32547781
3956000
31590095
62597456
1938992
61906575
15402877
60818222
30352503
15119542
15069528
60117231
15024063
15018436
14983286
14942241
14939111
14937478
59674248
59468947
59267939
58990032
14739666
58902174
58849733
7356124
58823597
14632843
58500480
14521693
28958718
28953586
57254760
27989718
55201926
55034221
27512213
54804787
54739145
54700045
54468641
54451727
54334186
54242150
54214841
54136750
53945895
53568497
26333708
52354109
12961946
12782657
24837254
24447959
12200741
12181695
24255168
47927551
23617146
23513709
23280614
23229850
22973907
22971897
45790633
22875708
11311387
45245076
43179570
5376608
21471263
42875390
21266684
42424177
40777988
40735891
40572892
2505223
39884010
38554761
4780770
19113658
76349367
76338368
19037615
18985808
18980022
75822692
75678343
75030482
74964090
74870536
37110870
37107493
18540960
36485501
72781646
18182746
72308772
72300182
17977950
71170727
8770919
34898197
34632428
68911894
8586695
68635687
68517711
68126013
68121070
67993315
33962374
67831830
67809766
2116770
16722696
16484118
65499444
65430065
65388548
65280096
4067038
16225874
8045757
63843776
1989221
31804810
63556042
31765336
63242637
62904732
7838710
62108338
61992725
15442662
30846820
15350642
30691289
7658856
60925093
60857604
15164409
15131417
30258353
15040441
14968320
14964068
14946273
59286053
59063524
59005598
58996716
58960111
58876563
14673181
28947022
57726224
28247896
55061227
54785758
54753457
13669031
54178353
54087231
53066304
26406614
26336538
26181457
51560260
50632922
50165649
49494898
49300839
49297253
49169414
48040655
47825063
23902716
47763623
47748544
47721757
23632240
46884629
46865417
23354109
46207643
46048584
11308180
11279273
44674056
21314584
21307136
42410914
20996431
41828198
41087628
20240331
40052637
4815619
9584237
9509072
18965647
18897229
75172915
75082253
74968080
74898277
4628667
73281344
72858701
72843604
72774070
72757135
72701683
36325158
72516513
72210864
71924619
71472249
71178541
69446194
34701859
34549003
34540608
68447926
8543879
68082096
33986054
33985208
67699004
33782676
33652099
66658705
66113304
16450833
32811810
65326120
32554280
8087391
32206893
31942737
31837239
31824734
62886783
62616145
61689356
3838839
15142142
15038705
60031996
59981152
14987172
59808054
59668212
59474025
59466863
59454201
59274711
14816828
58847965
58828308
58824552
58732667
14646721
58577509
58543562
58508212
58488072
58476293
58456117
28960921
14396812
28285498
56514000
6971668
6966387
55028427
54971837
54816926
54816141
54794979
54763714
54721677
54710570
54709566
54084673
54073708
54067892
13265796
26453085
6584647
13003236
25366556
12180596
12060767
48010188
2999807
47988984
47981116
47851569
47762928
47743510
47681365
47387843
23671025
23301590
23276480
46444498
46264569
46253748
46236855
46155448
45867505
45674523
45262610
11274285
5635126
11148263
44578233
2785240
10896738
10413012
41193737
40338781
39901091
4869060
75879893
9475434
75576024
4654031
37148807
37146293
37134105
73305441
18296055
4570973
72821952
72799520
72739711
72515464
17871657
71374843
70190344
8753159
34983011
34922363
34618724
34586748
34510398
68870668
68795794
68255318
68081843
33883090
33857084
67256257
67219647
67073456
16715091
16688753
4162203
33233344
33076337
65892276
32796834
16386132
65533979
65172783
32532559
32522063
32395818
8053201
2009085
64219984
32065318
62824696
15544966
61920126
61798920
60671640
15155026
15107353
15062573
7527425
15040528
15026993
14974676
14971807
14945044
59759502
59260820
58985551
58827183
58825409
14629148
57935024
27870640
6966559
55254925
55157935
54989668
27273760
54341105
27129018
54252858
54226371
54162458
54051753
53788352
3349328
52353958
50990421
50767474
50380167
49582101
24406424
24375889
48257206
3011339
47928337
23960404
47840893
47821932
23841522
744747
1479880
23435328
46793038
46027897
46014709
22966948
22800124
11325634
11279832
11264258
22019859
10799474
2687999
21320747
21285496
21161109
10511598
5237970
41792609
20570965
40259114
40214642
40107464
39879629
19407654
19334869
9634521
76933071
75884795
75576431
75153025
36972904
18368741
72801149
72797123
18086467
71945468
8980613
71117632
8754806
34574008
34542523
8587809
34270423
34132398
68186986
33903463
33857618
33855432
33742571
33676945
67218591
33200359
66114560
16463509
16443456
65538959
65451737
32703497
65398008
16295549
32259751
32045486
31938662
3960363
62009023
61798565
30775925
15143376
15078592
15045516
14945655
14941095
59463915
59458378
59275892
59032987
58949062
7354724
58835496
58833958
58822416
14624627
29244573
58483128
58462142
58203444
28250360
27957130
27805441
54812831
1706411
27284962
54507277
27134619
54234018
54086403
53989730
26982650
13136190
52340778
51563927
51231758
12747616
50697951
50696741
50412258
49803955
49248665
24169250
48273686
48137983
47823361
47760400
23827911
2976284
47350154
46932805
23414561
46529941
46500415
46255102
45932995
45807217
22800222
2833358
45263669
11253975
44604168
693765
21198540
42357179
40433674
76385074
18990026
74737184
18439415
36725307
18296562
72869271
72820022
18136635
36239992
72159060
18027390
18006308
71930751
71910459
71897032
35478784
8760272
8756407
34998171
69958653
68805301
68773468
68621517
34272671
68446338
34133921
68193426
68179138
68118642
68115125
68113687
33893464
33881443
16578444
66112547
66074024
16451034
65684686
65546704
32563372
32547901
16046813
15830324
31580695
62177589
1908261
60889986
15160694
7537317
7522928
14958681
14866838
14845295
58938836
58929722
58921463
58892950
58828277
58826296
58500309
29164506
58087788
58079328
57825162
57738494
57532878
57513240
57503781
57282898
56563214
6967498
6963749
54994464
54256035
54213822
54161070
54132338
26992461
26445292
26337794
26291253
26247026
26229789
26216805
51566079
51104282
50872366
50709601
25216401
25199380
49168781
49166260
11968727
47749384
47724602
46920772
46360428
46037342
22937094
45326140
21961363
43659998
5428038
43275394
2669552
2664662
42116321
10490435
10445276
41333276
2560680
2556888
40653930
40405142
19511957
76808441
76568268
76302769
19060066
18995806
9472795
18945337
75657856
37013756
73761592
36854741
73300545
72862703
36423206
72586471
72215795
18013023
17901389
71469445
8822229
35242670
35137673
34528986
68800299
34308597
34284597
34164111
34154555
68179288
68128005
33966667
33933054
33860749
33778329
67211722
33361994
16574341
66098384
65538187
65388337
64873558
32411110
64295434
32068744
31823915
63359122
31608615
7858528
62653712
15623792
61686576
7683199
15113088
15082921
15040014
15024861
14940301
59114960
58923620
58878929
14684070
58553144
58540909
58486247
57662380
57616150
28492870
27963353
55164233
55161820
55131908
27505989
55006275
27486787
54895641
54800889
54780242
54765563
54748380
27066513
54129776
54087167
26851662
26837607
26444680
26389629
13121072
26187083
52355494
25324276
49477157
24434468
12211930
6094462
12170284
12141980
24151875
12021661
47957580
47927638
2983223
23256952
46241416
46241336
45946242
45217245
45206773
44922541
43553845
2691518
43005972
21424515
21203088
41552158
41551664
40792752
40573004
19895934
19868211
39734796
4746200
18973578
37747064
75135198
18691702
37167936
74106849
73066343
72950365
72774076
8606439
68644900
68637112
68173045
67986200
33925970
33901444
33900581
33879136
33678322
4198150
16519135
16480833
65677668
16385453
32744305
65481955
65247382
65168173
32360129
32266611
64302267
2005641
63822393
31885554
31825494
63428180
31484506
62958674
62899555
15718336
62603864
62257396
61811382
30376265
15083560
7532282
15063428
59985404
59602644
29592437
59160623
59111284
59104976
58896021
7355230
58527510
58467708
58079590
28119809
28118597
3489454
865854
55253077
55031958
54821283
54747210
54713025
27122995
54134036
27066435
54128964
53913646
52612339
51562160
50767517
50710927
3134957
12337732
49223328
3071068
49130909
12257291
12191304
48525504
48344744
12021558
47866404
11963781
47834650
47808627
47737678
47705361
23748195
47409501
23386825
46733833
46251964
46215987
46185152
45984008
22980430
22969904
11470821
2861192
45439531
11335982
44951164
22109913
2748318
21507543
21419328
42666896
21255709
42350612
5263011
10394884
41550158
10323347
40884515
40115815
39895312
39888247
39062235
9575151
76385480
18983706
9451686
36847818
73661929
73542256
72828510
18047132
17828574
17777697
70847915
8841141
34902875
69466847
34589433
34568172
34432212
8600239
2138470
68377745
68155065
34029858
33937997
67829228
33880164
33827514
33821351
33747819
33707805
16714681
33267097
66117099
66075939
16461160
32817578
65518869
65512067
65442946
65401756
65362971
32535225
63914052
7956497
31718774
63334650
15788474
62902436
62745756
62665616
62617969
30732883
30690517
61049812
15162788
15042029
15031090
15019146
29866245
59583411
59274004
59269218
59267625
59062990
59030913
59017111
58863214
58532383
14629437
58503817
14510130
28948580
56908509
28418261
56727861
28249843
27958694
6979994
55289506
55010411
54988341
54768488
54742805
54720846
27116053
54115013
54066183
6712388
53602321
26465308
52702513
52642929
26158662
3248605
50990902
12628353
50388088
49600513
49494481
49132566
24166666
24163702
3019778
48284181
23839887
23461079
11687849
23151907
46272042
46224642
22962506
22924179
11289643
2815084
44703971
22090992
43391269
21554752
2674006
21298027
21170003
21165524
42205315
10549146
10541286
10389692
41216308
41127586
41017106
40825328
40714411
10092135
18961154
75684276
1174727
37276691
37107076
37049293
36962334
73757071
36739436
73078939
72799120
72784243
72447328
72027356
35502145
70835828
8757312
34625661
34568177
34544859
68460854
68442919
68218471
68121018
34041853
33997207
33842770
33814346
33811136
33783029
16884879
4205957
67253822
67215642
16561221
66109093
66080444
4127443
16457806
16411883
65438721
65435954
65428173
65420200
32541027
8133345
32358375
4043584
32265688
64265558
63879579
31874275
31833977
62944878
62002629
30925495
61787812
15343782
7612722
60670106
15165660
15133244
15126116
15102583
60188062
15037882
15023697
14995049
14938545
59173120
14785810
59103401
59032667
58981372
58866550
14654323
58520657
58505587
58486869
29161786
28272465
1753792
56010589
6993857
6984705
27813578
27813409
27781244
55156597
55140812
54991724
54962128
54789137
54763841
54755085
54748990
54719228
27131319
54220028
27082633
54092126
54018324
3369365
51362380
51211930
50975325
3145058
25001504
12486690
49794110
12208342
48472146
24160162
48268796
12057692
48093633
47826484
47785881
47781485
47668650
23705148
46664388
5791125
46232056
22983525
22974206
22972076
2849154
11342470
11301664
45087361
2784299
22070301
10799531
21358937
21257741
10529673
10390144
20587272
40569858
40489169
4801520
38022781
75741635
75669711
4715049
73683323
36837001
18286925
72800229
72771465
72765245
18140505
36016199
35618435
35107959
8749706
34863210
34859978
69474528
34581426
34568533
34438516
68147428
68095227
33984695
67881772
33922413
67591936
33794352
33430407
66676682
65790217
16430931
32787908
65546782
32770878
65500791
65428826
32621516
4075773
32491086
15980273
31864028
31739804
31725082
63159121
31490356
976702
62139300
7567288
15080732
15078494
15004605
14977853
59855207
14945101
14937713
29723444
29596616
59114500
59110678
59015702
29424367
3659191
58523268
58507137
58477075
58468232
14598202
28941499
14352636
57373033
28638340
56628108
56113118
13979487
27953640
55263386
55236629
27508280
54804075
54722520
54591520
54151645
54142280
53979594
26912654
25883329
51534024
51504698
51249031
12782822
50975777
50800463
12683370
6133216
48931074
48704927
12159300
48533284
48256691
48063139
47839187
47838048
47726217
47332678
47236722
47136601
23379833
11679411
23272508
46266716
46073093
46070667
22801868
45460716
45163978
44676676
10979264
43569161
43504049
43118248
21441463
2679891
21295691
21132519
21104380
10530646
21059604
21016162
41983235
5143238
40490023
39898920
39896540
4932121
38501909
4808821
76742198
4789062
19044763
4670468
37154217
36968524
18376055
72794937
36325037
72464409
72268734
18042037
71921523
35599760
35093878
8768568
34428965
8568983
68148806
2129180
34028467
34027273
67992355
33963468
33856534
33821619
4227318
33796522
33732032
4211830
33387573
16616324
16572072
66232334
65403589
65242909
32532858
32402155
1012294
64313124
64304678
64112777
32010420
31825626
63550804
31763560
31753610
31725373
63413387
31644683
31582122
61756364
61650500
15394699
30362998
60649369
15117239
15088214
15081883
7532383
14975483
14975046
14945759
14943158
29876818
59607729
59278419
59261595
29500515
58953976
58916024
58868748
58533740
58508748
14618190
14458915
56717761
56693676
27954004
27784080
27776265
54988164
3428433
54817502
54814090
54768035
54730415
54203407
27072543
54009655
53818754
53605393
26784248
26771362
13383498
26449233
26200737
51847333
25912012
50771934
50711064
25231096
25006482
24768060
24765374
24731489
49459414
24295916
12123963
48333075
47868990
23667367
23632729
23631899
46847463
46807122
23280958
46075224
45968825
44424284
44323940
21984306
43477463
43319971
5374803
21486452
21469409
2681519
20835091
41555488
2550492
39878509
623058
39095409
19422643
19389290
4808186
19145521
38265088
19130241
19036310
37992475
18975464
75231091
74812443
74474898
74463905
37135229
18489089
36972952
73415508
18289923
73074023
73054820
72947333
72843917
72745733
4509045
35474312
8845099
8771728
34960593
34673706
34642045
34550306
34478738
33961657
33933075
4239986
33879827
67671290
33828112
4224728
33783166
33666026
4192912
16691221
33245900
16532681
8227033
32776909
65517553
65477900
65215584
32546420
32522229
32503835
32319066
32016488
15995920
1991178
63675333
63425746
31563307
7869893
62602636
62598349
15154600
30274087
60489549
15079608
15024989
14946941
14868786
59018047
58924787
58905654
58902977
7338791
14646174
58505412
58460805
58450212
28941824
57684958
57639621
57591942
57582425
28679641
57339603
56756478
56696688
56011041
6976190
55634339
55156993
55150788
27494530
54782141
54768206
54594688
54592572
54541745
54217300
54214774
54157048
3377474
53982545
26979718
53889462
6689255
26443587
26233013
12890123
12790900
12789151
12687244
25242959
50425791
50371744
3136483
49494534
12188006
48553635
24173298
48208670
47921037
47738234
47733989
47710765
47691403
11726159
2926887
23413284
23306040
46535097
46500467
23233198
46076297
46021715
22971458
45841639
11331070
45050028
42993267
2682158
21294577
42259153
42138191
10511973
41942265
41335399
20625981
20625662
40546610
40500717
40487983
40279511
39927801
39894197
19645295
19393014
4778684
9532714
19041804
18948571
18945054
37737916
75082235
18496719
36673111
73052885
72794410
72711711
36316180
36280761
18117206
72337704
72291405
72273631
72210794
70568170
70375345
70321425
70282872
69468146
69445814
34547285
68668286
68454221
34140095
34132079
68151953
68134094
34027210
33944684
33923765
33904295
33881005
33815916
67572950
16709009
33199163
66087409
33042730
32974073
16477723
16418239
32797861
65507114
65435689
65423418
8031449
31786578
31775660
61914546
966123
61795045
61377719
7628127
60807139
30343457
15122494
60429368
15106268
15067777
59478011
59447262
59169645
58987561
58970343
7370564
58910099
58908677
58874981
58865246
14670837
14641686
58540843
58537312
58523249
58520801
58491470
58466003
14451000
57669667
57390505
28632881
28404785
56009750
55930872
1738565
13771366
55006216
54832903
54809053
54775790
54756096
54728335
109435558
13662828
27217771
27214783
27193681
54149262
53783377
3338519
26494349
52988484
26436101
6608278
26290514
52407572
52239922
3222748
51020220
50991882
25364892
50711128
25265223
12584250
6169061
48909078
24435986
3044900
48287530
48277925
12063217
47787854
47688347
47668743
47148471
46969382
23476191
23437386
23342642
23296443
46482359
46270264
46185385
11336705
5633316
45040105
44704423
44700033
44576754
43639237
43599969
5421645
43125544
2693292
21473934
21465353
21428382
21325994
21260002
10629061
10619122
2654771
42410264
5188702
10337321
40408624
40116764
19509292
38496662
19111318
4770556
9476041
18917809
75458096
18693690
74627211
74371406
37145048
74091078
36979799
36972532
73895687
36893681
73667086
18264433
72801999
36302590
17997859
70929491
8842369
35138530
17563138
8773665
34859437
34825976
34665719
34615585
34299388
68446095
68433024
8545928
68313481
68198301
34097871
68125264
68113277
34035283
67991935
4243304
33893232
33883863
33844959
67674087
33825442
33806788
33776474
33716642
8405681
33618369
67218911
67216655
4198031
33578636
33520947
33513476
66543206
33164411
66172186
16445368
32880483
65688857
32800949
65552406
32737496
65442064
65205065
32552268
32524245
16233519
16163809
32067281
8004862
64029095
31945547
31851957
31850333
31845146
31815581
31787692
7899059
62994460
31490407
30871622
7605539
15169721
15163315
15158188
60616845
15134171
60476836
15081230
15051849
7513707
15024696
14995797
59354059
7379187
59022636
3687491
58882713
14646908
58509838
58439497
57542854
57535290
57524910
3545573
56697644
56654530
56639280
28297992
28248673
56476260
56475011
3511361
27509796
27466338
54825247
54786365
54766616
54722962
6836955
54208664
54064399
26344902
52638783
26246521
26200474
13043176
51337569
50979718
50851980
12691915
25224563
24763402
49496231
24735504
24435274
24425157
12188450
24315042
24173281
24166228
48165060
12033871
47815762
23897962
47793050
23884024
47679084
23768813
23409487
46786302
46738598
23275410
46495403
46416237
46280628
46008476
45950590
45714319
22724424
45174714
45061385
45032108
22229037
22208145
11036954
5498784
2694349
21541341
5376011
42837597
21347803
5203830
20680645
41133536
40902141
2555887
40644003
40569268
40118292
39717315
19518166
1199426
38360070
4770609
75878009
18797712
74896902
74658864
37275576
18564378
74157795
577697
73758280
73667374
36681005
72861727
72845480
72764995
70947972
70945542
70940138
8711106
69591521
69416878
34596818
34582906
34411535
34241325
34097628
68149232
68148195
68081595
33966351
67875375
4227518
67605896
67476614
8421076
33671987
4182923
16709204
16709112
33323373
66112372
66084989
16369627
32651806
65137695
65065377
32327358
4018966
32041530
64078746
63930593
31945726
31732950
3960725
63330698
31457426
62181676
30928446
30611998
30400151
7591578
60608377
7574920
15096075
15082125
60124605
15012902
14971873
29825726
59262979
29596393
59005439
58938398
58909333
58885505
58837040
58819526
58523078
28928853
57662851
57441987
57433892
56655570
56559726
56504061
28249086
7023705
55940528
6976157
27873733
55169948
27567085
55024838
55004362
54834887
54758435
54708223
54596837
54441437
27126958
27125955
54203736
54200126
54198450
26638680
52971092
26331761
51563650
51220702
51016716
25498258
12616979
12563278
12184863
48724215
3039036
3022792
24151042
749394
47933470
47839246
47839072
47824981
47786232
47757456
47749056
47724871
47536040
47413348
5872358
46907372
46603147
23245807
45991415
22955701
45797170
22845234
11290280
11218787
43598895
21718832
43244344
21431184
2673916
2673576
42188498
5207814
41003162
19505511
76848645
19140185
4778647
4778182
9474817
37893686
37824863
74881221
74408866
37131981
4640920
74121057
74026287
37009128
36966728
36924934
73846374
73111312
72783310
72765569
72238477
72089950
70934986
35146898
4344975
34663545
34534185
69055294
34321190
68455071
8555883
34159919
68077598
33896146
33807533
4215512
33651469
33510688
16721233
4178316
33402468
16701233
16693117
66098260
16484083
4118129
16455884
65679290
65569972
65538546
65508258
65423479
65417103
65398085
32666614
65221805
65168199
16268731
32537451
31997964
15952764
31864971
31740611
15703483
15603257
61901396
15431705
30837958
61647540
30633728
30515798
7617251
60908089
7546366
15040149
15022214
15015711
7507501
14995901
59981080
14944103
14939465
59500924
29731179
59461077
59069117
58927493
58874490
58821338
58532201
58515319
58505249
14624916
28944809
57864097
57638985
14374388
56804268
56071897
54977214
54816080
54796973
6849515
54782008
54766370
54712271
13674390
27202843
54273217
54237596
54207958
54056329
6754005
53980332
53825080
53785915
3352737
26523806
53024105
52917267
52107131
25953759
12920808
51531256
50800974
25391487
3118055
24290598
24166115
24165944
48290925
48062748
47838070
23886482
47732418
47705689
47704594
47704585
47670136
2941911
46797958
23302943
23283485
5790471
46201598
46033140
46021915
46016263
22976496
45927744
45230824
11279544
44941501
22225340
42997005
21433729
41019303
20137146
40107661
40060580
39893903
4930231
75848776
18962102
75225933
74157506
74142998
73671661
72790658
36241734
18070980
18065266
18048301
72158911
71942000
70786375
34897044
69445071
34603977
34572880
8592513
2141961
68500246
68445472
68441915
68431804
68207776
68194110
68134149
68115510
68102582
34027880
4246019
33945470
33944685
16957292
33893002
33830726
33753378
67324984
4206182
16707547
66350399
66003462
16466887
32792462
32754513
32748717
65427191
65388434
65167992
32561917
32550654
64906239
32258728
32004322
15990501
63839664
31863053
31850944
63568216
63435067
31492743
62934125
31459632
62905149
62309183
61906688
30906371
61794987
30712837
30624051
30469039
60793936
30389650
15117670
7552793
15025030
15016220
60029700
14995399
59897636
59840867
14942785
59279457
58994104
58977538
58926676
58896442
58876728
58537990
58439274
14600206
28952550
57876431
57646367
28290963
3506453
27965019
6965456
55010155
54813628
6847532
54744524
54612420
54599658
54560695
54224138
54215482
54200422
54055433
26921980
53786127
52546901
13048680
51851387
51567177
51268147
25467678
25464772
50821168
50667749
50624764
25244456
3150518
50385682
50375504
50371845
6072630
12106836
24174274
47852210
47741233
47740104
47264640
2950804
46544400
46274925
46181713
46019794
45993544
45976044
45972740
45207432
11289800
11261490
44812568
2773839
2687143
5349715
2663360
10493147
20834738
20459953
40468542
40445254
20178261
40338382
40118238
39824264
39020859
38563217
4803183
4782209
75927803
75130758
74741743
9326036
4662115
37115574
74157081
74151011
37057792
73745066
73424651
72994781
72669511
18147403
72518683
72319467
72295811
72154949
18021161
17992563
71368928
35562337
4436374
70725186
69574147
68886116
68861374
68444965
68429444
34126732
68147054
68097620
34027269
33985228
33945034
33825061
2113319
33679141
33527842
33508439
16723111
16688200
66653579
33160154
33059677
66081389
33002140
16437525
32780869
32774059
65533486
32756083
65414100
65403182
32622449
32550971
64290493
32114552
16044039
32017738
63773823
31755107
31722116
63340403
31631876
31525261
15652197
62592760
62589830
15602718
62351067
61946238
61809955
61806185
30553170
30480071
15145447
15139875
7567029
7528325
15032400
59983015
14995731
14958109
14957428
59474548
14792224
59160020
59005043
29499018
29498044
58856424
58658238
58560635
29263100
58523873
58474754
58457540
3645432
29156118
28957351
28949467
57491604
57342151
56670319
27966848
55257736
55150317
55088251
55042205
27503136
54964477
1714244
54798682
54771885
27354753
54427458
27171754
27053241
26953466
53128979
26389604
26267941
26191172
26190513
26167567
25945527
25907490
3230723
25491992
12617862
3142698
12200818
24239300
48345721
48106315
48088910
23959721
47913732
47821868
47755191
47747508
2980785
23606394
23437890
23372882
46495786
46494367
46238444
23100652
11530113
46009716
22981673
45961536
45883745
5690802
45181175
45172993
11266011
44962880
11217403
44841645
2699404
21458856
10587552
21133355
10536400
5262970
20971658
41887549
5204242
10388325
40689653
40343972
40243409
39956087
19879060
4799887
19004244
75946835
18969150
75601888
18778975
75071774
37522649
75008858
9371296
74934750
74897938
74886207
74471829
37141908
37132038
18465620
18464360
73775113
73763035
18410286
18389524
73527672
72721012
72225314
9001457
35726171
35720903
4441312
35133771
1096108
68503190
34118221
68222448
68218788
68171471
68155917
68147537
68120574
68116812
68050980
33974046
33966081
33795703
33795400
33777350
33733259
66725118
33292872
66556595
66203405
16528799
16414661
32787259
65330339
65251937
64834913
32351838
32289343
32281901
64277825
16007801
31950842
31841419
31741738
3956680
31560949
31458949
62645031
62594429
15612728
15546315
30953288
61784576
61782382
30844196
61653437
30741468
30521684
60805981
15131373
7551256
30180308
15027481
15006336
14994775
14986485
14977140
14975322
59865594
14957151
14946935
14941348
59487987
59437381
59030027
58985274
58898763
14703679
58808030
3674540
14662706
58487686
14619002
58418114
58294729
57938378
28958149
28957176
57696797
57650610
57492084
27957897
6960557
55640669
27748305
13830207
55195051
13792546
55032972
27482098
54711592
27171116
54187786
54076951
26985174
53817235
3359409
26847432
26515793
26204238
13066104
12890706
51378780
51130584
50991012
12702660
50774995
50626794
50452311
25002066
6241330
24734540
48933151
24434784
48528462
48264333
48133823
12027657
47855252
47839175
47757714
47738055
23827832
46749989
23251861
23210300
46412228
22997046
45986395
22944027
11321179
45268816
11296416
44840818
44778836
21736203
43279196
43244082
43213716
43066510
21486658
21437825
2672431
21161292
5258270
42054841
41825775
20782119
20630083
41172246
20582312
40790102
10133999
40438539
40122277
40120578
39897922
39866795
39699041
19669115
19069353
18969740
18969514
75211523
37514302
1169582
18683773
18657295
74481891
74383143
37141030
74017697
36988178
73419382
73035866
72822669
72753719
36340647
36333279
72288787
72270333
18049820
18047072
71163230
70789724
70744826
70632190
70567059
17598323
34998003
8746594
17312061
68907063
68874799
68873380
34314539
34272588
68458719
68112656
33982252
33929161
33901234
67300758
67219286
4176758
16691064
66355475
33157128
66226950
33098123
33081438
16478611
65681481
65568784
65539927
65511922
32754441
65406927
32642393
65229590
65226945
64947037
32020105
31935974
31860077
15918971
31771695
31762608
31742707
62571613
30854497
30819569
15359851
30316664
15155602
60600011
15132293
15119488
15117773
15109763
15104063
7532048
15045349
59986441
59853553
14960893
59272877
59265212
59076012
59007188
59004687
58965163
58953461
7363031
29450090
58835446
58828078
29400012
29374182
14655569
58563575
58554615
58539173
58460975
58443164
58439069
28957493
14456652
57532901
57427765
56923547
56671934
56617973
56586744
56009839
13993858
13987007
6969001
6960394
13896743
13874120
55261765
55158637
13772484
27505257
54707818
54504364
54343827
27129904
54233563
54221458
54194774
54160466
54139975
53889609
53784679
53663443
26826541
26246653
25592687
12704096
12634704
50385894
6251498
49851310
24848312
49599961
24736086
49195310
48937479
12209792
24409077
12198887
12021182
47984787
47797151
47783508
47758215
47755565
47666869
47504328
47407960
23670073
23601219
23392843
11679991
23280706
23274316
46542336
46537658
46534480
23249729
46235716
46229726
46226939
46223974
23034913
46048304
46026593
46023518
45998093
45963483
22980057
11486713
45925795
22873261
45243554
11309281
45029392
5444121
2700242
2696189
21414782
21384209
21263078
42054285
5239625
41242390
20486675
40484282
40452791
2524703
40119826
40063630
19769549
39037866
4837170
4792082
19143250
38263057
18999968
37736704
75245552
75182089
37586547
75033249
18697889
37337607
37281204
18569347
37138285
4638890
9276981
36978393
36941412
18429220
73304059
72781414
72726217
72702371
72367155
18029475
70637343
34835331
69566784
68833427
68799995
34313860
68398312
2132310
2129874
68102843
34040796
33998388
4246182
67806857
33872628
33841477
33841147
33825618
33821551
33815558
33801000
67522113
33753751
67483258
4211485
33665486
66709157
4118898
16456011
65685027
2048353
65534589
65527513
65526908
65519156
65429313
65040233
32240140
32029902
1997298
31921186
31875665
31824450
31812225
31811733
31786306
63550051
7931021
3944321
15746489
31484205
15708585
7818439
62280435
15523605
61986645
61879400
30540208
30486355
30357474
7553532
15080773
15068471
15044588
15042402
60118709
15003699
14980127
59768985
29609325
29579076
7390076
59111713
58923449
58836631
14683934
58555574
58508462
58491722
58481320
14618617
58469506
29232453
58441228
58434599
58315576
57848020
56972816
56727152
28172447
28101828
55947144
873690
27951817
13947814
6944138
55186422
55035009
54991075
857327
54807965
54754800
54742570
54725014
54716805
54705955
1704769
54441413
54425070
54231669
54161587
53221623
13215153
26393975
13171677
52564144
25888504
51218818
50998460
12692221
50707816
12621710
49598881
24781100
24662226
48954467
12234969
48397815
47941049
47813348
47804273
47756667
47754202
47745052
47732552
47694686
47685218
47679072
23382074
46757782
23320417
23315824
23276588
46535193
23233413
23228044
23226008
23212003
46241819
46225028
46213786
46066062
46014222
46013736
46012545
22992692
22987822
45947602
45868082
22923817
45795967
11331935
2752968
5363096
21418292
10593267
5267708
5231659
41827774
2585559
10332980
41307303
20484739
2533385
40107891
39892646
39888614
39878472
4896187
9709278
38672474
9643996
9628468
38483117
4806564
9576691
19118607
75946114
18969155
18963485
18961345
75725916
75580904
37735499
75259559
75015175
74971946
4650318
37094645
74119979
18510806
36979033
36941046
36836026
73553015
72852643
36410559
72814953
72754823
72754249
72716446
18165199
72572317
2257846
36111796
71931699
70946122
17564301
69448678
34620175
34581306
69025007
34407630
34151900
34141847
8520278
34032238
67992805
33965985
33848144
33814882
4215061
4191546
33507138
33286617
33069571
65972901
65839756
4114851
4114139
65684111
32754446
65500578
65444620
65433566
65414684
32702955
65232320
32539418
32519649
32380729
32270801
64301410
32005968
64011910
31972479
31849162
31842537
7955971
31763279
31724161
31603560
31585778
31454728
7848573
15641129
30924338
61811081
15380808
30510725
7614952
60643178
15048835
15046323
15040656
15039918
15038545
15038138
15011010
3725918
29731949
59260203
59028738
59027495
58940142
14668122
58575598
58564200
58530218
58508227
58497466
58495079
14605375
14595268
7295529
14530597
58089483
14489732
28949793
28942789
57842608
28276633
56443536
28094109
6972156
13898912
55161806
54997915
27467595
27417416
27307423
27168995
54239799
27115895
54228593
27104235
54205521
54197270
54167448
54153582
54134654
54068752
54067267
13380415
13378979
53121451
52356330
52345605
52315541
52237581
51565176
50769465
24735682
3086054
24633033
49101963
48125591
11982894
47920585
47854715
47828524
47798933
23896360
47764145
47759225
47754805
47723965
47705850
47685890
23827020
47266178
23417445
46793782
46606817
46035079
46019610
45997860
45934102
45754454
5688489
45321160
11267715
45033857
44925104
44674786
44503590
22196525
2712981
21498530
5365233
5363115
10687742
2667997
5269054
42137699
5248987
41991113
5115945
40769202
20358552
40475599
20235449
2527197
40046786
39889157
4891583
38940281
1210778
19142162
38267277
19093350
19014421
18963352
75611181
37737257
75230843
75183569
75020865
74913970
18699504
74736994
74720379
18674637
37278912
74531256
4656205
18564660
37124916
74147888
36806095
73304280
36634585
73053758
72995696
72846634
72834112
72800829
72797584
72734865
72719168
36311176
72266025
72165420
18032143
2248979
35752121
71346710
70857393
70532370
35218168
70284573
8760937
69472851
69151275
34321746
68461867
68394522
34167551
68205261
34034591
34008420
68004992
33985585
33983045
33974289
33923407
67773213
33848131
33837343
4221677
33662528
4203535
33599691
67072845
4186145
16719410
66107560
4127824
65991123
16416703
65560406
65545203
65436221
65427306
65408988
65403777
65388135
32562967
32553648
65040773
64917854
32456755
32394153
32364959
32272717
32213115
64317576
16047037
64162037
64110064
32036639
1996694
31925581
31919153
15946301
63767970
31873499
63744886
31814146
31744605
31725470
63290258
31487387
61919448
15441672
61755575
15154707
7569152
60475082
15099545
15042571
14976053
29929971
14955687
59822505
59504791
59287838
59192224
59005794
58907450
58895076
58889157
58879607
58864571
58826868
58743017
58532113
58531009
58530391
58509901
58503918
58458484
58442013
14590909
58342847
57810621
57802351
57555534
57524815
6963275
27470835
54835395
54816439
54804175
54767910
54767482
54710967
54677779
54597506
27104854
54155734
54077121
54062564
53980694
26838089
26487909
26464606
26341828
26243290
26231039
52177345
51406691
51230736
50992584
50990553
50771677
25360674
25009923
48996264
12232509
12223726
12192255
6084053
24296152
24168679
48189338
47923021
2994624
47868583
47839839
47825844
47825094
47788680
47779104
47730347
23858137
47714122
47703714
47671708
47478335
23705565
47322807
46722512
23351808
23320679
46421582
5757210
22972064
22924090
45842966
45462426
2835183
11331744
45169374
45152688
45025103
44887471
11010266
5494326
43315593
43282084
43115856
21434358
21324029
21247864
10597731
21159191
21106632
5271978
10349526
20393146
2530171
40134439
40124952
40119765
40066761
40054625
19407102
38555094
9634990
4785925
19098862
76229467
18992554
75660181
37481834
4683636
74810436
74703284
74639729
74393385
37147676
37119512
9259571
18480585
36604969
72867290
72714965
72308857
72218574
18007220
17988878
71815321
71500046
71495649
71489659
71466728
71107345
70973917
35478047
70767420
4419385
4418813
35061497
17399295
69557223
69476778
34661943
34622417
34618573
68659616
68564297
8570003
68423483
34159009
68172542
68160375
68114203
33980879
33934656
33932571
33843383
33842602
33783956
67482770
4214918
33677722
4195246
16709046
66785891
33186497
66336822
66104272
66091550
65895487
16460070
16432687
65677460
65520607
65405675
65393424
65388258
32522552
32401133
32375077
32261796
16099677
31918234
31863532
63701610
63568886
31773682
31767177
31576480
31557842
31497950
7858134
62601879
15644612
30842099
61456270
15338056
60858256
30341888
60578405
15066549
7507265
14985054
14944118
59669494
59394400
14836290
7398886
59036215
58977377
58963119
58946489
58909007
58906378
58906010
58843566
3675240
14684576
58528971
58476410
58474796
29202431
7295510
58081906
57990766
57827268
57718808
57356164
56922759
28297735
56537049
28099529
27951173
13949990
864670
27532749
54999222
54975239
54831692
54812173
54806348
54801067
54732014
54714370
27338940
54592718
13621449
27195699
54153159
54095042
54090510
53612199
53158559
26493974
52478953
52353742
52238305
13013848
12912566
51553515
51191538
51187047
50916218
25354973
50628387
50437503
49192667
48945642
12204691
24343152
48682899
48553117
24097691
12035738
48046552
47838268
47817003
47794887
23895180
47751055
47734208
47664254
23798060
23667853
2944095
46919687
46718948
11644817
46556066
23252214
46416981
5787988
46280309
46277132
46207448
45991967
22992092
45969672
45665625
45067828
21988698
43509081
43483269
5411324
21449269
5354198
10666952
2666247
21296492
21259977
21118759
41761858
20700226
20620246
40497907
40118087
40078976
40018958
1221302
19457393
38864366
19337156
77252596
9634774
4789657
4789260
4772095
76330283
19002088
18999608
37990785
18989674
18948277
9472485
37743076
37739965
4674284
18696188
2334060
9299226
37125091
74157920
74102510
73673657
18359518
18288818
72853221
36408741
72773284
72294025
4516290
71921150
4436032
1108562
35046858
69327718
34535845
68773484
34256308
34249170
68436291
68397418
68206303
68191606
68170340
68165768
68097451
68077102
33975940
33934341
33923056
33898626
33883651
33825506
33776092
33748063
67490505
67219068
67087596
4186325
16708173
16693824
66773826
66721951
16466235
16442873
32799302
65554109
16371208
65446446
65409820
65406945
32698053
32661860
65290669
65157731
32568786
32550853
32546499
16224966
32391406
64609697
4028187
32208357
16051566
16038977
16037190
31950008
63576599
63570173
31750406
31720066
63100623
31488771
62905960
62905303
15648136
30932773
61819196
30598462
30591664
60822410
30313242
30305550
15120585
15108822
7536482
15025041
15011853
15010871
29973824
7481249
14941185
29877927
59479945
59431376
59383126
59367301
59284670
59261450
59261276
58985898
58861166
58850417
58838085
14668207
58517213
14628552
58509704
14608332
58390604
29140062
28956475
28951739
7124365
56856236
56832317
56774260
56698786
56533440
28262705
56312362
56240943
56072831
56003775
6962636
27680579
55195389
55061607
54977598
6855620
54791193
54742755
54723274
54719151
54503475
54231035
54200226
54145941
53906167
53905470
53750350
53656201
53264438
53094927
53072422
26509940
52616381
52374319
52350316
51971138
12919991
51268643
51200584
12784064
25499117
50990941
50960135
50232160
24842356
3102812
49600600
6151848
49128532
24430272
24429365
48722530
12137490
48209731
12041074
47914338
11975984
47768408
47721850
47718556
47677954
744554
2963613
23697409
23615430
11794482
46777240
46757200
46735487
46602998
23249709
46493989
46485121
23206070
46368081
46247175
46235762
46226377
46206534
5773161
5772866
46027923
45697781
11341253
45262871
11311295
45243811
45042032
45039763
5405084
43170423
2696862
2693639
2683708
21379769
21334143
42432459
42405791
42143973
41790363
10442297
10396635
41029461
40130803
40044820
39750721
19833706
39007364
38881384
77262123
4798505
9593846
19104470
38160720
18980172
75590259
37674359
75173802
18777315
74965700
18659011
37149225
37125436
74137916
37055072
74017693
18491234
36871783
36790933
72995531
72879147
36427214
72763690
36296787
18140515
36257015
72464904
8978565
71521036
71461270
35124012
35121026
34580230
34579996
34541965
68871540
68834505
68778328
68639792
34167426
34140539
68209571
68148840
68146029
34015811
4238800
33893171
33844146
33795146
33723037
8421082
67219806
16797970
16714809
33419989
66313529
66081090
16470776
65688543
16396534
65547956
32767832
65510422
65509242
65492489
65446311
65238985
65175392
65173911
32563813
32562637
32560155
32541031
65064824
32523226
32521257
32425404
1977
64424614
8051605
64264090
4014154
16004615
31970212
31939086
31881827
63758718
31873189
31863577
31863119
31841309
31797293
31794689
31762111
61905850
61770182
61651603
15401900
30725150
30482187
60682636
30273479
15127062
15108182
15097914
15068166
15066495
15012381
59892602
14951061
14846851
59002119
58961995
58924610
58907069
58890520
58862477
58855453
29372477
14629184
58452957
58450661
14534635
14532694
58117345
57882908
57863001
14460212
14453219
57725364
57360831
28366920
28248134
56489699
28091924
56011347
27869653
6956602
27744083
55261230
55180299
55159754
3428361
54789448
54783368
54725294
54711888
13671744
27222795
54250293
54217618
54206774
54156827
54103784
54007161
26583339
53077335
52322567
51419348
51260804
51156667
51155507
51080150
25498092
50981822
50771426
50631001
50359039
12547327
12486984
12257444
24391245
12187165
48657276
3027888
48344811
24171856
24163739
48321929
48282950
47866781
47841234
47840128
47757753
47742582
47706085
47701931
47666459
23692986
47230419
46907152
46860125
46843091
46787633
46751941
46215860
46028345
45996515
45972100
22977969
45849551
11325403
11273026
44958370
44707491
11170789
22291419
22078216
43608585
43566102
2701907
86278814
21475087
21318402
21153394
21111240
20939911
41249320
2553211
2549598
40695031
40578528
40561448
10122835
40405908
40059719
19897183
38905220
77412684
38491830
18985904
75883138
75814256
18945531
37736684
75249541
75224205
37602036
74976405
4674524
18689224
74598464
37267057
37118656
74129861
37063774
37038464
36937706
73664119
73554373
72832852
72793881
72754839
36350616
36330841
36189385
2260225
18030442
17977721
35714442
71369802
70775048
70752750
35307457
35040593
8758391
34924303
34892905
4346060
34615315
34537115
68865495
8593278
68531207
68438460
68082201
33918659
67809286
33804763
33802807
4224792
33774916
67481783
67217876
33537594
8380758
4190270
33493112
4181804
16705115
66672686
33320614
4163328
33246793
4137114
66159756
16477825
8211270
65538000
65522235
32757420
65499564
65444799
65383463
65243662
32428747
64817522
32332924
32269701
32258997
64319525
64259788
63987036
1994676
31852520
31780393
31779388
15763032
62939454
62610811
62600100
62594518
62584402
62577801
976126
62282195
61963345
30861794
61658220
61415584
60741397
60610225
15133644
15105748
15082680
15080362
15031585
7514095
15023808
15002382
59995804
14996569
59975942
59853341
59673066
14874393
7413879
59286475
59116361
59055227
29524976
59028008
59018016
59005786
58958645
58950672
58909328
14725463
58898154
58897342
58885852
58876117
7356540
7320674
58491049
58469411
58440654
57846778
57660327
28464661
56675446
56642058
28311362
28295399
28292062
56010954
55985640
27956506
13906377
55194501
27507932
54979966
54866655
6854444
54810481
54800016
54788912
6847320
6846012
54764874
27282315
13561859
54190325
54049614
27024795
13350756
26514818
26224909
51531142
51410598
51404027
51395818
3195915
50992705
50849480
50002878
49852709
49818824
12256937
24415714
12106309
48350483
48341840
3017370
12051132
47868744
47862705
47848540
47847869
47846071
47843474
47837835
47793094
47765563
47744306
47735171
47726455
47724320
23838360
47668723
47663089
47440259
23600489
23597443
46961618
46777551
23284090
23275420
46448483
46411292
23200547
46259727
46201651
46193692
46037550
45991563
45948351
45946540
22952737
45871876
5698246
2829436
11316025
11302729
45161124
11256121
44935425
44671665
22071524
21967945
2680340
21432041
21430282
21382239
21368835
21332428
21156388
41747905
5205637
10391845
41182370
40800430
40566605
40484649
40476682
40471422
40259257
40124514
40115875
40110782
40062712
40044847
39989153
39894971
39878263
2472423
19337774
38568796
38557067
75715347
75712043
75263154
9397734
37564879
9383513
4674561
37290696
37165462
37059063
74100799
74090550
37019353
73985362
36976002
73822919
36830359
36454136
36419906
72762780
72728863
72509304
18070973
17922773
71171075
71031544
8845297
8763916
34943002
17350743
69209291
69142570
68953444
8593901
68743045
8592019
68442172
68439165
68437916
68419139
34159808
68187193
68101549
68079564
33982258
33955038
33932622
33869324
4232381
33830787
33828504
33775610
33666025
33664610
4174549
33305531
16632961
66414919
33202660
66352430
33080211
33058446
33000364
65835464
65536986
65445394
65417626
32696664
65388128
65362985
65359397
65337628
65179605
65145327
32558955
32481023
32305196
32193570
32182827
31939758
31922552
31871175
31855482
63694958
31821085
31587132
31475446
15657180
15605462
61688556
15382099
30701080
15345579
30628624
30498458
30481305
30474476
60912247
15172714
30333474
15164475
15151413
15117929
15102291
7522920
15024509
15011573
59987746
1872759
14973859
14960136
14946998
7455529
59511431
59486944
59272009
29591775
59038192
59033632
58963021
58962386
58913677
58907624
58826382
29375698
29321451
14654724
58532351
14617864
14603150
58206285
58202226
58033525
57939723
14453662
14372943
57441593
57354608
56928959
56737115
56642422
27964922
27771746
27765017
13854372
55171456
55010565
55004046
55000391
6869819
27475129
54775800
54769048
6842676
54709365
54539119
54535632
27221262
27207806
54248655
27115519
54144812
54091077
6733683
53029855
106020949
26399854
13197510
26280354
52361549
52239615
25945695
51806484
51382556
3190634
50977642
50761592
25320686
50243839
3132814
12527128
49861780
49600089
49598500
3085001
12196297
24371780
12166956
12163463
12153394
12147251
48446074
24213774
12012514
47861449
47810024
47784247
47768424
47730215
47693400
47671636
47406596
47202346
5837036
23308112
46602321
23263029
46367024
46073984
46010483
45998468
22996649
45951206
45947826
45807150
45632814
11323132
45263586
45248051
45243907
11271835
44837192
22289728
2774913
2752722
5466458
5427626
2713282
43308990
674882
2696114
43112860
43066842
21494320
10706952
2668692
21341034
21268207
21227370
21189775
41997042
10488260
41729550
20637303
41185715
20510267
20271636
40116930
39891198
39886857
19622239
39036036
39002562
19335553
38478304
4806851
38350471
38272198
9501636
18969982
18963330
18946203
18946169
9451220
75478099
75271308
37628224
75177829
75082720
75037420
18713692
74735653
37278455
37149057
36968160
36895330
73679531
18357545
73306191
73061001
72861063
72823770
36390090
72757537
72756666
72747426
72485693
72391476
18081595
18030913
71899286
71505641
71477474
557790
71101273
35527665
70995064
70933753
8812807
35240746
35217821
8760880
69958574
69876666
69171451
68800054
8598431
68573201
34145275
34111117
68199786
68120592
2126902
2126883
68014139
33999993
67986440
33986611
4246720
33953900
33880528
33830013
33819021
67239652
66818921
33360073
33334299
2080773
33270532
66102139
66082455
16519542
66078118
16434364
32807757
65523932
65507213
32753456
16368871
65343443
32515669
64913594
64293897
32144905
63844181
15928288
31757297
31751336
63491576
63332236
63173960
63056274
31482440
62841300
15642952
15605667
15602211
61821333
15401219
30628234
30553131
30414131
15143148
15130821
60505337
15084900
15067619
15043761
15042288
15033013
60099865
14960396
14959082
14936752
29844205
59346136
59272934
59146761
58966927
58929959
58826207
29395195
58658322
14659867
14642105
14633378
14632637
58442349
58335396
14579956
58087182
57876287
57828069
57662804
57538151
56667057
6971699
13939582
55439081
27514142
27514120
54984865
54980068
3433872
54826211
54807831
54788619
54734828
54730336
54706684
54417363
27185243
27122308
54241684
54222093
27104488
54201862
27067024
839260
53674175
26745956
53227535
26484208
3309729
26409188
52546290
52349191
52341266
52219982
51496017
51391867
25415515
50625269
25201478
50361185
50358907
50173440
49133741
12204894
24392154
48714512
12135170
48173952
12026120
23938886
47813914
47764735
47703729
23772094
11775746
46913407
46815659
23392689
23322148
46629544
46603982
46433662
23205700
46398297
46364368
46282946
46257688
46253841
46024945
22998660
22965232
45847616
45636124
11343249
11320232
45204026
45032428
22072356
5501420
21989084
43462928
21632872
21582131
5365489
21326673
10651803
2644868
10553019
10545732
20913316
20801712
41132062
5140289
40909336
40236735
10021372
40064341
39928070
620600
19264917
19158333
4788403
19121455
75801628
18864634
74733803
74161808
74130093
73735611
18268954
73065926
72930843
36412397
72781155
72519487
72290727
36108113
4506703
17994533
559306
71437531
35538553
35490162
70934988
70764282
70756216
8841961
1103937
8825129
8815088
8807424
17596402
35084175
8763021
17523032
34894724
34792513
2172127
17295139
34529605
8623772
8622336
4307400
68779825
8597061
8592338
8582939
68455016
68404046
68193682
68087072
68082051
34016786
33986507
33962806
33937547
33902894
2114459
33813112
33811040
33808982
33794356
33792486
33776141
33704095
33672089
67325979
33657559
67217730
16721097
16716875
66820865
4174373
66700126
66640812
2080257
16429599
65690049
65624672
65575157
32770002
32769185
65537205
65508331
65448656
65351071
32572812
32528616
32516116
32380293
4029039
64293357
32043413
8003177
32005701
63902876
31882746
31814706
31751321
31744152
31733256
31485328
7870881
62810413
62606127
62582048
62277154
61815045
61652442
30812543
30777967
30691059
30666170
3833160
30598526
7618163
60696821
15166383
15159044
15139686
15138152
30269310
15129226
15117373
15079127
15066551
15046311
15037615
15024220
14939765
29878589
59574273
59454931
59440853
59351006
59349775
59263172
7399744
59029339
58988334
58967597
58947950
58874606
58836682
58823849
58729180
7340106
29359898
58654833
14644672
58493931
58484964
58477978
14615661
58449572
58440560
14608712
58087908
28960721
28945924
57887091
28931701
7216965
57648263
57491667
28258944
28243953
27954358
27951919
27865729
55333979
55220916
55202641
55154493
27505873
55000703
54794588
54767652
54760004
54742298
54592340
27282977
27173346
27129052
54136898
54093471
3376065
53778001
26607667
830930
26488196
26226353
12988377
51942975
3205173
51131226
51013983
50773468
50748423
50710772
12648255
25245726
50403661
50378985
6267011
6235510
49877758
49380496
12290294
12230659
24290239
24279245
48351277
48333736
24166198
2997924
11986522
47917173
47914436
47875914
47861453
47742414
47734074
47718219
47665767
47349967
23309715
46528722
23201501
46255863
46219329
46179914
45991274
22985111
22967724
45439424
11325743
45244906
11304156
45071594
11262394
45024179
11256042
44980915
44516542
44483026
694114
21969530
5412128
21557062
42965266
42958086
2680468
10689707
21336499
21289850
21276879
21264556
5241101
41764076
20822895
41609146
41608893
10364162
20683236
41334552
20621008
41217699
5146950
41170198
41022752
40912109
2552984
20359510
40406934
40232418
40119654
40114763
39997820
39894469
19414218
4806849
9558215
4772327
76344057
76337675
19002244
18980385
18967735
75588939
37746631
4716708
37702415
75102556
9380623
18714578
74712518
37290842
37241689
37116778
37104207
74178280
18480559
18420092
73673758
73523063
73460683
18356901
142862
72861229
36426016
72843942
72843690
36419673
72781784
72748173
72702306
72643191
72616576
72220560
72211191
72160719
71884155
1119613
71067157
35493149
70965401
70929730
70758431
35164620
35092454
8768665
34592046
8612207
68872657
68871334
8606590
34401381
34231070
68436126
2136661
34143406
68157794
34001973
33980717
4243724
33921205
67787182
67786045
4235988
67771624
33842030
33782950
33778048
33709545
66819825
16699306
33380419
518838
66201800
66125136
66080689
16466021
16444843
65766139
4104469
65550019
65514880
65505275
32741594
65440997
65435914
65415843
65414484
65411923
65279182
65148830
16280946
65121804
32529044
32463790
64906334
16180845
64711915
16162225
32259064
64424575
16078187
16006384
15944591
31885567
31872321
31851075
31797442
31743221
15841006
31654718
31519655
62330697
30773655
7688592
30736533
30653806
7613505
30396771
15166969
15166301
15163043
15158739
15079691
15075697
7517897
15026199
15004994
14997617
59990450
14936706
59465130
7411838
29607319
29606909
59038094
59022494
58981702
58977606
58965112
58962940
58931439
58906323
58903139
58901514
58896909
58887873
58824081
58822211
29382783
58523452
14594790
14519778
57887365
57827319
14450948
57448031
57439744
13983121
27965389
27965029
27963616
55587975
3470746
55307532
13779647
27548188
55006292
54979970
27446894
54817667
54815492
54801165
54755321
27283152
27219420
27121544
54237629
54230756
27089396
54171933
54167890
54156924
27060138
54097510
53976946
53946759
3359454
26822148
26752593
53191271
53188828
26509603
26443055
26407020
13198475
52355926
26121661
13008964
12919960
51550643
51531080
51433394
51387970
12790051
51156516
51017170
51000852
25477365
25456020
50772485
50768142
25213880
49546870
49496770
49494903
6164060
24546035
49020918
12212157
12204008
24404681
24400788
48546223
48476499
48278174
48087744
48085299
11991928
47815659
47802899
47801505
11929957
47691396
47669474
2946402
23485503
23379518
23318807
46554951
46412412
23149494
46198886
5767464
46021787
46015612
45942092
45728183
22794716
45271620
11309220
5648340
11285859
45063867
2782914
22094483
2735113
43658878
43407761
2685455
21451005
21435287
5346128
2672646
21320389
21244120
42134270
21049759
21027404
656718
5253606
5253187
41987002
41836182
41790675
41551714
5141015
2556869
40580074
40574132
40117916
40002681
39896306
19736576
19730126
19681690
39251763
19429196
4795849
19093700
19077649
18982516
18966319
18944925
75694085
75693793
75651021
75633241
9432269
37727443
18782461
75029085
18744178
37480781
37128629
37127127
37115454
18497533
36971070
36961391
36942464
36823134
4598115
18358678
73264493
36559571
72867396
72714517
18163587
18081395
72220357
72161718
18035403
18012767
17990173
71935904
17919888
71536542
17871726
17870854
17805844
71112190
70286980
2193095
34958931
69448331
34720091
69361349
34540532
34460765
34296871
68524238
68520760
34233976
8550955
68219666
68176458
68172948
68167569
68122340
68081400
34028347
67985259
33990889
4246856
33946924
33919967
33916664
33881867
33814605
33793064
67580504
4194810
33361896
33262749
16628856
66381456
66172916
66133114
66122219
66115106
65786842
16422480
32793604
32770326
65500858
32737062
65422737
65380723
32681382
65326382
32632552
65245096
65242161
65094023
32545143
32526301
32492462
32412932
4045235
64482369
32214847
64291966
16051522
32002609
63973396
15977742
31885559
31882489
63696470
63687740
31822376
63642719
31780577
63341347
31636169
63056822
62903825
15698681
15697371
62658162
15615049
62306711
62174794
62003952
61790045
30878205
7712504
15385335
15381579
61442772
30640386
60785542
15146987
60558214
15128612
30239119
60444446
15098404
15080097
15078525
15063034
7523662
60169162
7511834
15012827
59997743
29880514
59518255
59451827
59448122
59366573
59265739
59199295
29595889
29525595
58962403
58948773
14727694
58887595
58851959
58718314
58573188
7319907
58477468
58474820
58442725
58442025
58441937
14597336
29009635
28952176
28950828
57877252
57876912
57667900
57490307
57344688
57283676
56923138
56751711
56627262
28294712
56574494
56574476
56510665
3531859
56370203
27963498
55638233
55048977
54990675
27484406
54815956
54796653
6847774
54766117
54743808
27358859
54613280
27272256
54197437
54158059
54137992
13384710
26750497
53229236
414971
26513764
26513257
53020351
26429481
26332669
26237448
26209042
26208014
52175805
13004022
25917008
51415905
51190083
50989589
12702464
50767051
50661392
50446518
25196912
3140672
12559885
6263776
6259671
25031879
12391262
24514446
24421430
24402854
24320833
24296802
756104
24173791
24172683
24172226
48228982
48001354
47929402
748032
47868695
47867276
47865893
47732804
47687094
23670525
23654921
23636233
23461153
23451477
23382627
23278875
46556662
23248041
23235875
46439396
46417041
23202275
46382835
46365486
23176148
46282364
5784813
46227387
22979300
22975581
45780451
11295060
11289833
11281508
45031476
11253857
44674064
43661246
2699070
10787177
86110242
21471412
21457963
21354770
10668684
2665967
21324983
42565613
21266446
42352555
42135502
10531272
5258813
42058061
41994584
41835980
41730131
41612542
10386394
5183490
10343462
41177461
20348364
10162632
20280298
40389670
40346641
40050960
39898801
39891095
39712525
39624074
4866562
4859613
4851315
19293010
38549403
77076667
38517956
4813061
76852159
76718359
76418410
18984742
18981385
75846010
75834636
18952591
75804838
37897379
37884496
75765988
37825782
9446993
75368170
74937518
4663174
74584924
37149049
74147653
73670555
73667960
18343762
73283000
73074421
72950510
36420540
72799807
72796691
72625187
18036093
71938838
17905316
71543165
71439363
71395934
17804611
35500546
70881805
8819441
35250470
8811378
4398321
35148169
70260099
8772422
4364192
34865411
17400098
69504405
69463069
69416683
17338551
34673407
68839734
68806553
68752695
68556604
34272065
68451394
34225359
2136456
2133320
68245286
68170617
68077965
68051635
34015632
33998465
33984421
33951749
67820693
33904386
33898265
33876850
33856028
8427781
8424582
4211346
16799897
33571947
33466101
66200109
33054849
66085525
66068749
16432931
65686091
4103621
65587398
65435247
65393631
65272235
65176332
65171333
65170131
64874602
32375062
4043382
16054050
64112829
31999577
63983380
15977286
31820194
31812186
31754997
31733345
31587460
31576845
31563108
31495615
7866348
62619371
61794227
7687322
60913746
30388941
15171784
60684656
15160433
15154239
60535079
7566176
15131932
15131566
15118593
60464746
60416095
7527495
7522358
15013249
14985111
14975324
59588925
29736958
7428090
59336198
59285971
29642296
59027066
58889236
58847560
14683168
14675139
14640786
58559864
58493569
14603353
58335471
28962370
57517797
57349045
56967164
56760164
28280111
56265276
56009116
27970954
27954582
55604298
13898318
55261546
27507278
27507060
55000587
55000287
54977482
27446729
54831027
54816562
54797025
54791016
54790760
54765276
54594746
27110958
54219398
54099534
54097232
54073973
54056282
53785400
3360885
13441436
26874732
53232148
831461
830687
26397607
13110241
26170068
25944147
25895617
12912031
51191352
51158504
51023687
12690988
50709092
25321804
50624434
3147655
50357077
24628245
767669
12250312
48850528
24288292
48393299
48344995
24153540
11965524
47822463
47814892
47797118
47681705
2980023
47667955
23826205
23767539
2966084
47456049
47306744
47282774
23384235
46757862
46650871
46491733
23227896
46230824
46226015
46212846
46034753
45972454
11337605
11332297
45182542
45127071
11276778
45040542
43682919
43582306
2718460
43484905
2699938
42987812
21476154
5366589
21431477
21308810
21305032
41993360
20946715
20802248
20710438
41327972
10310297
40971646
40960542
