10000

8526548
63335771
38225302
36792300
68921789
59031947
30450576
51248825
4448548
58529487
57654795
57647659
51098844
46413560
5130928
70205337
49828709
40835481
50555178
11678899
47868523
14775492
15236162
21016961
64663898
19529482
18400715
51248852
38264883
69756302
26096827
36305901
21242256
29283425
59581881
68479819
56759095
19527502
17329109
66120052
70387822
10337262
37194844
62785469
46461709
20943591
74476757
67795749
31567464
75715755
74960898
46851052
68747138
21261098
33225419
25974119
37562503
54531891
16683287
26748209
28939585
49414234
33478339
18018769
66662948
30077816
46383860
25103256
54746325
33545531
45179222
67836516
19450185
68927395
14944069
20496866
40038442
62331893
41532445
34932112
32012749
68240193
35054604
37487091
13642232
51728842
24306819
76235999
11345118
36693902
68551167
32019664
2576290
39169724
29564875
10536346
50383362
48513980
37152407
21256475
25838042
10809122
66352432
3717691
35038874
46408822
31742796
15400267
22054457
14837579
46983104
62145479
63805704
32347397
25016827
6873845
13388991
4259951
63659860
40200622
56467750
40029679
63659271
37544001
11911045
56868404
4249318
4858206
62609051
59367928
11843682
62458585
8558318
58529065
31839929
18288579
53985417
66254279
32702174
36600786
26743330
57544059
4249603
54965822
63562716
8227242
57320475
24757700
69184913
66032925
68543290
61658231
31595910
70942945
58226499
27395340
32347574
71872732
18465643
63346737
17123860
2997921
45951089
22712955
65450640
10330740
41765507
52086640
38713332
54029571
46015121
67471188
71849066
34655548
60182386
15041987
15398799
33999954
74392918
61902162
20524253
55569877
33682234
48366716
68401357
45190338
38228757
38260984
41503023
42094567
15809958
59987535
27696415
41266900
32629398
37035887
53070247
68461813
13375220
13391186
66077576
40923025
48788730
68461116
2442919
46298608
44473617
63151575
26433130
51889756
5241963
36598503
20164665
33764843
19014233
70783829
47725433
43662530
60052326
3527040
8133580
63552854
12033053
28968631
5664336
65407853
10648928
76680280
33682233
65379364
15625493
30081682
10356241
33239954
42762757
13159084
69470539
52390736
55341653
6291914
17119548
35390869
72299583
8602373
68717574
14522103
19256588
11760552
68911387
70269460
55173543
35281856
38286241
39989155
41317694
37142101
36365254
63252344
10891245
64315022
57941317
45634975
15795716
38810423
4705644
15693175
58218261
11751537
45459768
65391772
16562704
40078803
10787281
47359679
37543306
12616669
21809216
72356670
72751427
15411275
33474671
70784353
12495660
3248528
3051838
7428881
14727470
75633545
5705357
58803243
37035105
38655187
31662755
107907307
67800186
61941614
73423271
76412081
36774443
22972807
47381390
14549572
34820566
15935396
64261247
72758690
54720788
20506807
27627531
45884169
67452851
47966803
11255743
38252452
41852918
26032664
3379105
42077661
72470615
56032276
65401920
271299
5518085
41320831
36716726
68009376
4207330
48898963
66102488
41197085
45926457
41290020
40362725
47353590
48109697
23887368
65403155
21966410
40200269
23386403
32355708
71437482
47392528
62349998
54866232
31791262
62599981
67500021
40282739
57823351
4698319
12499155
70931348
32628902
50600768
41187192
12393263
10535647
12392632
47947509
66315540
47972901
21397034
44434749
103718927
16578234
74636496
30155911
71830674
46847770
20098104
2160263
45028220
17882747
4656950
58210156
70992831
66360298
47400672
4846983
15634548
68099030
59315383
67768601
47293635
22063498
55551421
63252728
35583346
32500136
4652009
35030510
32011562
40056979
50165644
48594137
75671978
71528788
29525780
71505538
9195000
34922029
8860577
56114185
15651756
48121186
8544854
60215148
22976153
42754275
6032654
67531665
46717343
72559883
22138693
70753131
36657917
50759567
5211976
10623875
69028662
64154537
13374245
33400488
1063877
13475019
15907639
3912498
36998638
27435958
14541497
45790682
22051056
40960756
30942322
36344277
18281382
18160915
976677
68567240
14862366
1354883
29312721
22749082
66206835
61704234
65353699
37660262
16624316
15560964
6859162
32080073
66512013
703558
54470301
15132699
3404539
67538197
32854744
42189048
22986231
7702420
58327915
27580656
1208254
59788704
30017347
45958053
19034175
8579009
56850783
66601310
8555933
41311389
57273319
60563497
57699213
221628
45903278
18992314
33254930
4690614
73677607
65447942
8603365
68479619
71093769
32755493
38932864
37638790
46746559
19660020
29424266
4830634
29564758
65434857
51063517
8603187
37145097
8597437
54706738
27083997
14882348
6835189
66108262
13371286
19484008
30074190
58989947
40547780
33962136
46032873
66005194
68145622
47806945
14506188
65876055
10548547
39962997
20221807
10795164
6313491
44723519
12557392
45045464
54763975
42505794
57868833
7939159
19040254
66069788
13080516
50562617
4082804
2948268
3896107
58785141
35787409
18403445
60752692
37139614
4302024
51073996
31205721
5415400
66096379
66702260
70764610
54031518
65501724
61440342
12143263
15143528
30598429
5617830
56689778
68433017
9306607
48097491
6030635
11721980
32833747
35060262
56379364
41346053
36561912
32338504
41576003
5922728
51500619
29379417
15527515
24965461
45019877
62691374
11768202
41196029
61416853
66447533
27458186
12112613
37062248
2675324
7302543
16914720
14605403
35500271
19328535
47691238
25892659
11349985
42078059
44402210
14491897
34129691
67841390
28329001
32378613
10655642
12116317
24785542
38826486
80802055
69828610
57302575
50567587
17376771
37295296
33663273
58220194
56402098
42607320
13441646
38337251
81500595
46094614
12134464
19029512
59655675
47725953
5513726
18619037
54000062
58569700
75348409
68937110
22638917
53669389
51770487
66708357
64075255
72145558
73427668
28298257
47959797
16577767
72800153
64525401
35462507
19445944
67470761
24177560
20828330
45972750
104942918
9152207
14541267
62578492
43298097
14653978
18363581
58978322
58061861
1990903
33981860
28314535
54168458
22578277
4453393
10689815
31773394
75889078
65271809
72157568
14128546
107001966
3696668
23182733
28946611
71432628
51601078
29944259
75921487
50390452
33811544
5608909
67448166
47039814
58851766
578187
25928357
72863531
45977455
41492170
4656394
46020392
32458330
37549197
11372960
19389954
2080355
4530014
54465721
38264330
75795326
32157589
47177125
18443757
39983867
59539361
3234556
46375661
65414388
76685690
4810866
23830118
49689235
32864948
42427313
19555422
59897571
42571492
59438780
62578038
47375478
8807426
36117999
18162588
32193733
4473363
68162498
27124756
63252965
3589827
13650953
67319883
19150526
52574201
73266796
23240877
10703258
64196408
8842355
50581620
12769883
14775517
54058149
5785522
18892009
57374704
4198471
49475702
12113739
42078612
60851511
20364435
3642061
13707845
32644067
19451911
3224423
41341177
4506362
14998513
21728702
16261292
64515889
60052075
57910831
27584544
47145843
47011627
47010696
2472464
18647229
9203025
12440947
69542155
46801852
9167044
32041747
35727917
21116984
4698938
3916780
39955052
58922618
37727475
62173272
13207567
93920495
58895051
37687621
26941658
59053995
28196061
54768442
64921985
1604955
39994477
4513930
31823143
13310630
9179501
67289179
18183380
35426996
25164321
16712793
13194988
14758278
56313475
68134658
11209590
20923286
15391414
6831947
56668579
12560708
16639867
18475044
23053242
62176168
52979715
18160135
74021242
46445361
19046468
36345676
17228981
18160586
100477701
29547686
52924545
34690739
58236659
1958291
31560618
46027929
13767408
4721871
67682282
63796953
47871064
68582357
36309102
4077663
9196485
15106179
14892816
5248297
46381195
32136582
47610017
72585033
3634384
75517919
20562757
22586165
26168277
97459633
59633297
4972133
21473143
73154449
3089333
1280659
65552260
53870126
57844577
32068325
24294789
92052297
46393905
19426280
22954303
35311440
39001561
31186775
52316907
42033650
32625421
66695417
54081493
68740316
60188242
103036209
67166261
10514910
61941629
64478977
35255071
20286956
53630946
15055310
24488956
63562941
4794543
19252568
58922248
5124348
47330947
7622278
67823107
31996335
8525337
25103602
15105418
18537724
10280401
27696416
53915748
4253279
35046858
46848029
36636266
21744936
65558794
43819379
50412638
14451601
48208507
30388754
3565383
57004166
70430836
50615261
76209050
16659416
10777586
59110423
63360258
58948109
58800747
71576544
62132056
21133338
3936518
52255871
59737420
28018189
11989924
50005535
39955324
32665840
19314785
14464328
34612673
34248053
36322191
12193551
34928327
70262246
40484012
32546277
12128842
1726240
50712826
29375428
13483386
609559
6072628
23589378
13482909
30238266
59286071
8624470
25438164
45828955
41341785
68636083
67515498
70209146
22317638
43410297
4159503
6961852
50949293
20715083
37195987
18551085
56795760
3225429
4193228
36326808
45617205
62928172
11863674
614405
32070421
59769410
32740398
59029064
29004567
15414093
63880525
15042545
44631762
3380138
25093399
49642609
5495185
21150516
32327226
18738647
4831430
14642110
65797906
41233795
19427014
40501942
69897383
32186514
71020221
22220780
56537546
62371321
38741079
104253964
3717824
93931244
41766921
62352113
59050898
36605070
60448033
65103570
22964886
24518313
7593374
47666162
30388856
54768575
4736482
41015803
62655964
406675
18540533
47816713
45446915
61909611
58980040
53074041
59721579
36701215
7691368
67872521
15526338
36631008
15108456
11682345
25091317
35797937
72460499
31681083
17659449
26328845
21338525
34012089
8516031
56630630
68403223
64549388
50296634
39998104
72369980
34305733
24635657
36375427
68564164
51093554
15949220
42997639
42095170
34511842
11684166
13413772
57930382
5270675
66288733
9458526
14858876
23225974
19306848
12318411
28787566
12246140
57909308
35281141
63787345
17567901
37522674
35646893
71457373
65104785
67437907
63570365
70586909
50982191
50623019
46751355
9147991
25965794
70644568
68103199
41719003
45887857
49600596
26249043
15746489
31538435
50632373
52479826
31570724
20833078
52771492
53777178
18085412
70455958
54827185
59033632
49032109
50800987
46439898
20803085
3391704
321502
63433206
16776691
30247269
48454388
32683015
30786169
24449473
51102270
10651803
16399660
46003335
63028222
61757201
56822250
34029945
4722203
66186967
46846986
52704075
69467803
10777853
54471880
15937830
63159149
15741852
40577557
16387710
35048462
36631134
37508359
11993905
62461498
36053683
40438991
71128242
18552632
25917271
46254274
66652920
16957248
30739833
75289089
23211927
68479014
65452746
77275842
69824511
53033090
50017019
55057780
15045059
41683459
27577441
41195763
2734787
7905624
54042114
48803106
58342351
32187292
2135294
66456156
60028205
37646155
22762297
14856295
73668220
25013819
47981559
17454663
15527553
68655012
31011002
25447388
34529877
48426232
46195570
16543033
14936907
2313727
42426729
62607903
53239186
3401329
11095737
55168680
18321712
44810747
68990430
35752902
65805550
12136235
10781924
30807261
36176927
29951673
60606191
43344237
56561597
28105026
68483559
62243524
50367709
47357907
54825033
31932852
18493102
12080316
11373174
27659967
45982988
30235026
14842096
69574932
60981992
32905823
49584711
50776482
62035114
37539975
62954298
62900644
17380401
23397975
43650816
25290550
12210476
18412631
35978469
27699244
58342923
33491121
7394928
70780362
65682199
13227250
1715737
41298503
4806925
34129868
27554288
25081916
39994112
57650241
54327831
14560554
34574008
62519951
25156531
62831223
22223606
32477029
6184303
42364979
10924009
46561018
71538854
57347086
22070553
64703006
26947767
4413042
6844875
67340127
5930607
16612956
18545591
34156941
5080108
45947224
65031799
15775316
63559745
68123717
36322914
40071910
58300717
2776818
57936204
27456801
28322445
23675871
7655348
13726965
75070263
13478611
4233080
30068305
54869748
5444189
33209852
4247725
510837
62181641
18961261
21134016
72822272
53827141
66208705
21777333
3000087
2086660
54093324
31460565
3945414
33411386
49890916
11840210
7843083
36392557
49681504
61720372
15947226
68580651
18741412
17773193
8465816
31833640
44399829
46990404
28714304
43530279
32867598
65559107
39895588
41173343
29974805
58987783
35251097
59076001
40038030
2766476
32458476
30871547
43846930
72852822
35541820
2481787
19615363
64108036
13709308
70420909
8752801
68698717
61987836
41974360
54197135
70730760
9644082
24381501
17097151
38299519
46926664
19252488
72377539
3327052
58473243
18501313
69579286
33574218
45034712
72224835
41848866
15108698
46842383
46549022
43925197
30373552
375326
19444859
38644648
53340767
54079193
67497315
42461241
41315051
50589403
27689834
33229356
9554246
40970609
56340182
72463495
595900
58416291
40359582
25355243
29404400
74700798
3504935
74816659
60129002
4235842
59612099
903658
51302938
16175258
48133542
67608995
19058973
50223422
65800741
65413261
51232531
51088159
46842635
55600585
37277271
19289833
3035902
4139312
42588363
57530602
31062568
48390522
14817845
56484886
66250748
46273465
45954659
3008208
63368926
54199145
56278576
20803276
49632036
4363750
60477023
5743420
56390822
18773327
6299289
10619782
53874396
66137824
33791443
19683064
37195359
8608411
12506493
29218160
61905960
8576879
68104278
32512204
37124157
68009406
38646465
105849917
94179633
29350912
67821458
37899686
12106444
26901364
6070770
58943211
16014467
61806231
67323045
1998160
74165354
48572081
40775191
19336772
37154031
56553810
24381445
71968360
32461374
29304897
41614539
3719327
36324958
14986399
34999331
16708725
61740652
23387348
100568582
72180558
19290226
32329319
9482899
52876934
11342350
69784183
68934098
49093183
5067339
41746552
47475017
34702225
62605877
65239881
31502796
7645616
57940706
39834576
28435142
68922721
37004061
26092334
11723192
19090049
59530641
29352572
10776445
45743681
67470162
58017485
36428818
22805204
13366929
47198071
75058301
59895873
11755671
6840808
107980359
46826083
63363829
12163757
270948
34669980
41075706
50988721
40956947
71296379
23015757
47650569
77181367
96532494
51965217
77224437
29990115
31866273
104786936
275739
54051389
41188196
10005758
370579
37023798
13281127
72745266
39770023
70260005
31899058
10590089
69595063
17788896
68396533
54711840
5169661
2876464
29377239
7498930
57555955
13131659
66166172
25036415
18328568
54001276
46743076
46925664
41361251
50540429
24247028
25427604
11255440
45968223
50545179
50989481
10552993
37194722
13387367
40000179
13080500
47880547
67796493
12505113
68168379
31563791
17668025
33724470
38309204
28961549
29225871
64247848
63995027
45855271
12614611
33821722
56990473
17827149
13547175
12289905
5924024
4612098
40358221
67496779
58848982
2669406
3431419
18315500
45691095
42636453
64840751
3721218
10556100
68445917
62645981
36338313
51856400
5814483
34745856
20825565
63209492
54125728
31581298
70395042
34996258
56231103
32727830
40122095
44420789
31739908
57760930
65358370
32035721
7391052
7394646
6047337
54797429
38854729
34601699
40618422
60628131
15139429
28262819
27951154
18638969
73007213
57932728
20928840
26132021
42439222
37129247
73419154
40077366
58898658
24420916
15649769
4080980
58780889
4562981
12093245
64915193
31849613
31835532
2941218
24318259
52235475
10932258
23399246
47553013
68229455
24249702
57236214
40191666
5509139
56687803
75873680
391760
35076878
20127175
37149205
12021766
69491544
45998480
22991866
13105035
63373130
60508996
33226644
5488381
26244822
60276079
46396655
32661212
34236777
32198844
72832165
33485283
33574350
37707892
43214816
62584318
33239616
9212478
46420551
10503321
52857736
35338801
35330444
35410315
33477405
28555630
17427938
21175197
56442931
52508247
47860432
46777828
36254507
21418270
45755612
32185011
29950800
61028645
56419697
6003334
38272568
34135275
23196315
27720764
10538671
63959617
26730904
4531632
68439523
12093215
24766510
39124586
34963347
60660120
2668787
9381812
50384953
4810194
3324418
7302977
25897616
32471087
16617551
36379343
11986058
39984737
43741256
10390666
29497392
60792083
58438854
1995702
65337489
40046294
67674704
12638804
59626720
34098905
32014802
32079737
38759351
29516164
13532276
12978614
7002624
56313844
5247372
65550248
10717634
67762493
30438429
45250408
34035057
48162505
11278445
45823676
57696302
52762390
64871416
60015607
29728657
23241176
4859252
23338232
72487287
63126586
70405661
14758322
57259186
53185829
84236168
42779317
54052669
13638611
73675603
45774874
3025959
80485
28012265
15391926
57945297
31488073
65372371
50762532
13655238
70756229
94347983
19487705
33233771
40627194
4139113
40196301
7881316
47534391
53908025
50568086
35615097
59003048
11332695
6972882
100204434
19823169
65402108
68193304
8523020
3620670
14635829
11385769
91702216
58495795
46737113
8574163
20550268
65336392
37764504
7645116
32365220
41312374
13938578
50375745
47749713
50166093
15384302
32634706
28201535
43818851
32096537
39989781
18311136
64557144
47386689
16457916
21272849
10773782
46500309
58184055
63339205
72458927
60201926
8392668
48180329
46770994
63433983
51294465
2944393
76341448
44781317
40833180
13377674
13378088
2998704
8629524
18526818
14599800
46021162
12064692
17310862
20318876
41328925
8969425
3451779
30562347
59015142
23269035
3199771
62645081
8772184
33855271
59272834
838035
54779478
15622100
4139117
46240078
12498986
14669529
46748575
21124497
37257370
13429847
27417402
57916743
19096844
48060518
18472032
69301003
7507653
48446844
8093775
10426495
18478775
12040779
23821530
32575390
46781465
7216776
29984122
16386173
68776123
36657477
46672152
15012797
67542120
47825272
59009887
8271699
64079121
26750079
25552072
4660366
70952570
42062522
67945023
16711600
64327041
12093931
17940663
54081722
88505931
5477721
2948131
14666238
18020908
56355555
42437039
17241136
19515064
12081780
22589810
42253982
5973355
70729423
29647343
15790519
57515830
14605633
32262670
45989206
69662066
4354281
36929404
65480540
10792919
70728032
18579478
43063537
29938083
70743534
39899803
16574622
28668448
54728379
30297680
24757870
3831373
37515356
62145060
41970239
29930568
36709297
50378612
33339
32040068
4320253
69096709
70796370
39956947
46090809
51263344
57726206
12068542
18540125
4343425
48947548
46842059
45956240
72234742
14891508
3785106
4905226
10197792
24462086
16578887
13133760
215832
58828070
15023697
57564566
12184299
48442378
4754683
19776451
67087070
88453926
69457916
22636850
15646024
12230139
42438759
32636450
32172584
21773756
33229108
41348155
59027817
4651356
12015906
42607476
14821931
47777017
7902862
62656715
19131769
12092149
64646181
35696428
58908006
10577217
58843064
49823895
11753953
17388911
12710479
16447320
46260249
46797366
37274936
15951661
19079317
68215281
6962283
54723864
72817760
60023939
27380658
20513589
4177232
47946910
13384966
329137
18510321
70937932
41781448
55208716
108970357
19461738
12801047
29646396
74618854
53986095
24151270
57820094
68351041
43062194
64089626
30125063
44374159
59291137
6139196
42415082
23247203
25380824
15122633
15952399
13550478
10336096
14969272
8048476
35527739
74862029
67314446
34470209
27317842
2699845
61413152
4551015
53208941
56274235
68427305
28954276
47718591
68480053
9529973
67341369
11675490
56551680
48152535
33654967
45931945
24263063
29518042
41013749
43055854
34108076
6535351
37166400
15351345
26398149
49568497
48530828
5187178
18987834
33572857
46003130
189586
3314679
38250941
54217239
654847
22781456
29686946
19014590
19425684
39762984
36767202
66350157
21760737
68783085
33972917
33639918
33848172
13032046
51817717
31794349
31057184
58907838
52886262
65525157
21297159
54344183
2656386
59424195
56352776
523282
64122467
69557401
59554326
18961224
12577661
63019800
7864610
36269723
7634008
62716209
42393750
4788546
58703185
12095359
46877558
23632777
34670309
45913957
12506013
68136833
18359366
47104432
15352128
43460461
54699958
18266775
54298540
28592844
9378407
53672943
67824437
18959925
67821226
11115350
30565439
67087214
5127505
54998455
19041657
62603377
16887164
39600945
25144692
5127776
27118627
41256518
32046192
36041484
5133779
54334358
12100151
18502512
48422814
38913228
67960079
6592708
30055900
47666698
43246658
40178931
53162483
2724987
42396076
12037656
47756339
7518605
53662313
32641092
41332857
45626864
37077838
9575352
29996752
53070699
78587972
32547066
7643726
2910096
56758328
24825383
53251270
67640565
24640262
13384710
58544516
66120891
11106884
51101719
62125848
36324557
68066066
7640675
54262049
20743763
4745401
66478528
56277902
50209951
82872693
36481544
29895211
6693764
26638209
73064991
26733832
54175537
31556279
14540389
48149970
71419066
10883742
19840379
12917685
25101732
47734697
69653270
23859717
68378391
14873482
36605943
32644785
48087018
47974219
4188694
19455236
73556411
45645779
12024610
9716412
18533570
26743250
13488648
32197407
23795453
71580681
16678248
65829993
66642207
22991538
71113879
32651241
8651414
41855560
60068780
23201437
45252307
14951946
74960814
45991890
29437199
35050261
40411879
46850847
49886793
69331085
14870940
46164570
47767685
13383473
22006038
40829095
20930267
46397976
8706934
17522180
29654738
68551953
5767501
57520420
72781526
65517796
18772304
37428891
65374560
18196771
40588995
46875128
14581920
5183568
64518504
33630102
62305529
4563221
15032494
75786478
10077873
11349657
45260526
4189712
14595346
10557935
70915881
18159197
39242819
60320698
44475435
45791603
32176746
77322975
18458468
68932425
29235783
1996336
42520379
18741437
25290501
72768358
68213277
53872387
8611760
42426372
31577021
62694389
46433757
22578437
68906258
33964154
65371560
4212786
34992562
75317760
65494306
1231743
46020753
51800384
60383203
32668502
26967593
66113785
36312570
36220014
29603003
58633245
99914719
60333535
43444003
66336345
75871889
6411566
31977829
321967
33429284
60747995
17599432
11830901
46019794
7670048
12078867
69607443
18479245
22925493
57894737
36374371
29639382
59471247
8550519
12209520
23205197
33832041
11861353
69437205
57852549
27831739
65411060
50224465
25047027
24529032
30604651
58800605
23050992
38731161
99918531
13628471
54873841
71112632
12127284
63659924
24312080
47704622
17133656
59014866
5731112
30155915
50413757
65519800
62891148
15911695
14547064
45972161
33501023
18527672
10872353
6963146
49627740
36687158
2260700
30153027
40034763
20543262
48304194
15405203
46362876
31522051
23044398
54723861
10537706
21163287
36699871
56543487
21243351
56729859
55376434
6313451
41562985
21414368
40072360
16700354
34334938
48957412
9367818
3315914
1730724
60033609
49564759
13735627
50375990
25915884
32012071
15466331
83038209
14687103
62889323
17852638
46134188
40646770
19397540
31661052
2930170
70489668
3907656
19258622
18868073
16647587
32563540
13403148
71071311
19172128
18390813
32358733
19762718
40280620
53655636
63836679
65775035
36328867
46783098
15911128
12778669
40523834
13647152
33638104
16457669
86065437
46442036
22663051
66652582
49424145
57260488
40109611
26947242
27407441
19254500
15083188
51297763
31798944
68010764
2950282
19571113
49558778
26817769
46022993
9260216
28928627
4169567
6830089
36969228
353770
47933152
60332714
37633493
72773459
46497174
13214032
38650618
70817544
19331528
9400279
54470587
4393997
16386146
46028383
5731436
16582576
32529272
45926576
2372465
62649734
59016274
64869742
67611206
30448898
3719969
32803605
58860684
65281947
33916961
21399624
40971742
68443766
32430361
45250258
58560042
58207792
71444807
39990766
71007256
29017669
54050828
68932656
38273705
47683257
69777198
12700543
54200347
15394900
27403520
13393181
36842022
64942277
31202932
57764805
34146955
5351805
34171136
67306753
43156594
57679342
70797051
65270692
64503127
21936662
71847133
5219273
26840406
17804129
336249
18155944
30355298
42793404
30366278
68439666
31933057
72856881
39961166
32090847
42144138
40053686
31843381
31152234
33968236
46267006
12139637
34170209
47289571
29639459
28320484
107251237
3239224
7677942
51793778
6926063
25077403
56800876
18766660
41346173
59133793
37508261
30164697
32928995
59344747
44737072
34996250
53673788
63834834
60065023
36607284
50987988
67617241
34924515
47972758
32779321
16323296
66151567
34661804
60559501
66731460
26469526
6692745
32456369
43271383
43278334
19290204
36307874
46033998
31901044
34978817
56576855
47379745
4471841
65430034
6282047
28444514
4236755
47763063
69484649
25870464
4182325
36581724
32292505
68977715
35216124
72851686
33852149
13628155
13137611
46013331
35718958
34429867
14816906
51265241
54879509
3074581
15038934
40292041
39098464
36526838
32802178
13125534
49813495
36410621
38642206
12994247
65861157
47631241
15708417
11036954
68579961
2687887
42079044
20937125
67447965
39169701
47843168
18048072
42139101
22384651
14970158
53106780
47787958
37206671
35250970
19042001
50389105
28655162
43128770
18823478
5192729
32858870
10524251
47829942
19301803
12084509
46662792
10536655
29709127
72548566
107301601
36053908
48973742
65257544
33923111
18743621
36325894
57862923
66040719
15012558
39107651
76838770
15052910
2677717
33896151
36108703
66010106
69193559
21158489
12236522
13045344
7309022
56380744
74609330
30472265
65691366
22221183
59066330
46249274
85191966
4954473
62246981
85130956
11143183
54723820
48392694
58207397
99915875
2783215
34224800
55377612
36420993
32184493
2805463
53603026
66351180
10154402
3281852
27572238
17531355
36364608
48220971
9216977
34966386
31787180
59389840
11673452
46020837
4176500
7179850
62144800
12835548
57075415
19682574
36489920
32281458
22030958
37621639
98903758
66156036
30342822
12241367
47969775
38783118
63371291
31792821
58900367
34667312
50990008
33938458
32211321
15388116
8569090
10353115
4258720
57929243
15907491
37967228
30574527
5711593
46062905
18944762
54222447
18292102
43350248
68591690
39838087
46379324
41319752
18685477
3740719
65427986
24665262
19413421
36607701
31147824
37772245
26341479
18526858
39062271
65686902
99929958
42509195
47694177
42675195
68710792
13400663
24400195
29413624
47612124
42702288
58927338
66200278
24411889
20937227
60060364
13204096
46403039
33477036
66083049
59387643
17655159
24880692
47944218
15605331
3394147
4665276
56328397
4135339
32541934
11909251
19935877
63263265
20537534
19536651
57422146
25141847
32453793
70421067
32642515
11293848
65499554
32015932
66099181
15624031
32647803
36310818
31558032
39955528
70929164
58557830
18477209
8980531
72560035
57300809
18165446
34470247
40354374
19005240
59020235
23704056
37270804
53664306
47703303
32699145
412592
62921969
4727654
54146109
68988207
14663172
36498628
68343644
66215463
56734257
60223113
65534356
41763016
59959788
35061733
2927768
6027118
75664090
10361710
3285041
4222700
197447
71903585
233068
65388568
47717189
10098500
32134577
40075565
37206476
9118835
37635520
67467660
15898393
23649214
29278098
48494754
52164574
32786468
48921557
65747787
53159581
8670813
31488810
65119977
47300152
49681350
11933618
45342690
2089873
22996420
77008162
4676058
64320172
33235837
73144377
27014778
52917439
72570008
56362622
68407308
57268811
47741422
84088503
67204275
47477972
69851794
83293759
14718801
75369647
1717870
37289662
17903605
56523243
15027666
10621546
32006620
72267673
21506458
68988219
63440507
15719664
11090039
36444507
15133925
43447416
55164611
2682052
58624318
258863
51038814
25164644
48027567
52332430
595913
39912142
65103887
4148693
64692250
73556452
29816446
44901131
31922427
11674222
40082412
15345019
75809125
4366227
18405906
3672760
68642323
1884858
55594937
52560718
5962217
59442702
18260158
12603857
5589276
39891139
45637908
3016746
55546385
14966549
31773623
43695884
58823350
27047534
33979493
6137283
38272198
67602448
66366814
72668470
66101760
46463756
50593180
40516435
65251874
28557435
41348500
68779636
30945095
51433429
10785752
11753577
22054120
65508428
22992206
41333250
13128606
62655852
72654373
75958576
13126643
46157730
65500249
50389330
61938524
21106305
48527158
23158693
60096297
12085834
22219363
30530802
42584118
54595853
11034140
24017518
66348362
57885506
26376794
48461072
41328455
14872728
27464477
32735879
4029801
1055942
38950459
8225893
32667145
51726609
6072102
42850508
4460475
26135283
2952356
25354040
18490742
10349842
74958712
49597375
40999441
31810286
23239785
19464958
75252816
32350983
65068395
67761377
56277598
50423781
4138315
5979280
45067912
2892279
54022050
59633772
44707823
53984980
68711683
15151019
4425997
51046733
13382339
50400524
4178049
61942264
18770946
12264623
33559275
63736019
72435568
42654329
58532001
8754822
59949333
52476433
32665947
13386029
10792455
54126780
33881443
16702990
41765553
26904221
45309106
31842773
22059669
16580286
45049458
70400503
64425003
49699968
8765171
33795943
14699860
22742645
25173188
11679808
21295982
40417388
64888339
47694008
33857156
5731433
67469276
64906818
3317162
68123448
30290136
15645370
35041190
70785195
57543987
62091722
58531875
75807024
8403761
28764240
5424690
34939725
31661513
35047700
68842882
65438312
46127525
40921742
70996640
63807224
35697435
12914517
50491636
4601241
47679449
13985905
49206741
51106112
69611030
54789996
25234179
45982081
10649472
68664519
36717524
47778818
18025746
41197494
20108798
18345647
49544622
31898638
23498067
77237328
60038312
4991812
55289444
71559687
22993101
47826721
67467525
32291702
32758255
15060187
194682
48882712
69411836
48925266
66040454
25351816
34250664
32401032
15703300
25441993
21389963
53993010
4340732
56551746
34676004
5444121
30730444
46134957
61394049
63332738
47316541
54272068
65104494
37166566
28869160
94838681
17227660
71524430
4346696
30187587
53571491
36602209
64196960
56298817
5739198
70268574
54130779
69869390
58602459
28939157
3325438
15053726
40079869
75355498
36323174
189075
31652050
3277556
33636013
65170880
48854565
58851546
44426047
7520679
78602236
28208191
51381107
54871512
72465387
30600731
21452918
58967297
30669420
3486262
26984631
18602533
10777265
22100265
45664992
22243258
42088430
15036954
32672341
47875846
50014998
1996566
15322026
45715028
3392868
45298550
56235323
45506456
4697977
7120429
42706472
3842651
38230004
40577450
30037394
46784332
66860077
41846885
59421510
47507652
11202079
45070742
48180604
19866578
30809688
70969371
37251079
36651193
29642258
48354136
39621586
65493474
43473937
4215012
54088123
35274971
58940774
57676424
9340959
18466239
14997254
3584254
62654474
48433204
26935426
43698746
41343382
68784579
45127921
33871308
37022795
66081033
61967311
19506268
37103487
72838268
34141240
3723199
33966280
24862758
52508443
55862678
631431
55038018
65592096
35284400
63563674
16361129
53628651
66191304
9621603
26133873
33782132
64884657
56562229
32815587
45948337
8145475
54810154
55652207
29393747
19487722
68511706
11677025
51512016
66147335
51026687
10396211
59843337
59046502
52827427
28961176
37462214
46078634
2136207
30727877
47373955
11381798
2696538
41276105
67529110
64883247
11290118
10758870
36894781
73823468
65266690
64317197
2009641
48253655
63028103
59020732
36651472
56390997
30777080
45999701
16555354
76412534
47013321
22112397
28341045
52767236
18967593
7134287
43158989
63546215
49802179
22623385
48944706
65260325
73562598
16222090
63325849
70472068
68950618
30607453
557745
12771601
42078354
47718955
47374345
12074602
20917783
33972851
43550296
62111822
59839449
64886675
19084266
27122265
58549470
3720455
7045150
749222
58306199
87562519
49990740
19168244
14843585
42551780
76741495
137734
32131562
31554166
56223377
46420046
58205069
13091100
68727474
13118014
52435259
46383776
28116727
13385497
31830091
11976135
36593118
10917606
36108202
70271237
13935837
51636675
46157468
1727915
33675679
44805471
28373836
18277005
2689983
30786033
38653024
71549833
3578512
1909363
30421668
45670590
43565538
35767617
50371408
26917539
68714613
41524027
65412457
42551936
33223580
8647341
47941408
13629697
3732813
53588901
13346916
16230049
41993826
34158892
54863464
36657133
66467925
30151462
56216240
63431298
34889273
35753045
30367819
37797174
54068910
58835278
45994118
36414215
64627836
5231747
68715411
31183600
63322675
8517344
41828176
59586107
36596512
61721280
50605681
14780819
41932180
38147469
21465445
25198899
4470132
33216527
36706077
18681604
65679368
29874876
16275405
74942538
2401776
8420633
35068553
101923202
56690103
11332042
73585024
16295783
8594269
72160004
58569130
66090268
59830233
21777271
59423659
41201967
4136625
20763028
4207054
16435101
19021922
71322317
9676983
40482081
31529166
70762228
75177907
47689146
48928678
12545017
8853307
64036481
23610839
23891402
29305138
8843240
32515974
3959537
57935475
12134495
76734905
64892243
9473276
34111561
24279887
40020903
8621783
47813147
60271511
18013060
66102878
15596647
32194261
29637146
41315290
50848083
10326094
47868601
73950429
40320439
65805579
46133957
12037979
36322574
9446993
12103096
16254268
61406659
47385795
64049567
58991211
15602779
35044851
54778033
47655986
68924326
21400055
54022716
59931994
72715692
54399931
18726202
58821144
26359426
7654654
36652456
57511530
54021778
7693946
45818523
75838422
21330272
38689214
15346464
23298640
51203501
43431126
10873757
13802045
4048256
31599066
50012476
35275087
62346241
46434742
58877246
69834149
7684189
1256933
43528999
60013552
71447389
40846033
71071879
65355522
15445585
15159863
10372698
33222520
3733224
68633881
8579062
75894174
35539150
35371114
56094904
13831724
59970212
36596396
53553108
32865929
17089825
30809972
46019796
37331884
34658077
18071817
47829061
46580254
30729532
32775407
23724306
39765431
45961420
104932623
60573883
22382913
29942024
50225724
30691059
12494833
17113176
42739643
35613758
5611017
28783541
106742127
6871090
62091694
51406352
32879368
42566828
62361401
15642473
57376120
57473174
9146293
59012883
293634
43746169
18792183
7637219
22919261
66084989
61536249
6879984
30015548
53658447
86259227
49570110
40013217
70838144
45219604
5574525
62496524
77291743
71972928
17341311
7181048
20972176
19785882
16957795
2754036
8618747
77350950
10859719
67601819
65523957
6117501
18956568
46944208
61937608
54194933
8519808
16600178
48923355
69486359
58182189
29592487
81807060
38981876
32573283
12161524
45406259
30362243
25422671
36790358
60918369
46031941
35048333
21352825
26443682
59983015
3149524
12418016
66566859
26883669
3313025
4959847
34919776
64888304
48105612
5997094
44707669
58447342
34982462
44959315
62921503
32542199
3311543
58515144
33961956
40480290
54413186
70920495
32871698
16577843
82169154
58623596
55102913
40448092
46409772
40617962
9680247
23925586
43519865
23371579
33775560
47188665
41195116
13646507
5458709
22050024
2979054
69553172
4063155
64627916
45186504
29216712
11391804
56597796
24259125
23892311
27564335
45097867
72463886
46653769
17483724
13468387
32071814
22130830
54842310
39222041
43068049
34121472
5329921
40996783
30642668
54149164
57872776
12484806
45429085
32031013
66483513
14951822
41335337
30486732
27832666
58461368
32038023
59139848
40445254
8608607
4135880
18545746
20319331
46567960
23193638
52818982
57089358
54157153
41189124
16154669
32852632
66097938
23390347
22319444
40238722
14599183
65346698
47839187
4495584
13676803
68933697
8649341
32797690
61048649
45897687
49820683
30286699
34577404
63982207
26755497
45760483
29202431
10668842
76429930
3707059
43181751
75237915
33737916
62091969
24046841
3134982
45669959
60797305
72228029
51805866
22400888
13174086
67774494
935042
14613165
15349483
58468532
32077016
7438604
33047589
65332406
3734777
37265606
8619647
22949939
45253602
50177596
54127069
12376998
68921681
34589034
62523284
6827065
36909678
13526340
47779170
19341694
7129534
19293532
56833732
8649699
3725500
67469837
51289922
10921807
33229672
18366268
35039381
47940517
46782018
65172427
29209099
54730751
50336463
33856308
30165871
12061150
70250609
24451271
68093401
59117043
33904044
52393368
14966189
30669752
24414779
45400381
36400403
21177769
64467024
28566592
34974365
13705282
22647027
34189810
58783533
32838343
13477561
9429255
22664926
29163400
12426426
43476429
19335115
37676687
68777260
4696936
62767491
58271266
71288081
26821963
3953009
18897554
54255336
32201634
32240404
33346067
69290956
26944584
54998015
26176710
41815131
58331692
48321041
5912418
64595652
47949544
19760820
32061064
18956688
24512482
15763483
104951216
58864359
10763147
67311827
18834023
8422584
12580103
14718081
15038002
54520674
36333878
53906891
3243918
4232254
32673531
62119168
68010119
26746830
62917565
49088991
19047378
3545062
68651323
50615581
34152633
32038324
34713236
12050530
32641677
31987300
4451135
12123569
71357307
15180044
56234643
67603322
29852640
6865948
37483666
51196629
44535225
23598894
67926112
15811662
14935417
63209028
13771873
58295113
48033769
35057464
24216506
77396846
41196817
39033413
4644456
89816559
68729562
27025210
27686297
73547604
42750439
70668655
49483275
32433247
18541836
34627738
7603256
46769938
3513614
50990738
3954882
66357413
25169941
21303782
5323320
26743294
57305741
52805350
25522752
16957292
45516556
19048707
6486103
64470664
30662228
11104329
30237829
33229556
76207435
52330915
43032993
58834996
37125787
54755345
71797385
68761274
40552460
75064804
19503619
1106504
32623954
33514526
37516210
70775506
72323119
8612727
47670227
62650106
33527542
66680311
15566131
61886935
63413017
59973156
13492835
51270130
62444881
51737641
65850060
34447104
50487116
20880628
21418243
31588412
71276520
58940232
3397081
37730853
24369431
35046249
6213961
32317553
9252064
68401747
19519008
63754037
32659515
2180848
18750669
30162440
57283692
68396795
15022227
71506919
61922062
107558449
7384732
11628470
32634601
44635704
26741153
67196806
73307030
4361308
25975585
12443761
36343483
41179143
19250439
34911950
59787331
41684385
66116907
42136749
49673133
51239165
60072846
31862165
45302955
41848565
47510168
35437916
15647856
15943871
60940322
40037681
15390377
73554254
49504373
52314949
75629891
24758462
20370307
54079830
40200519
12140074
47854296
32346331
73894435
68466053
34243407
72353071
66119774
12522476
36313710
1059337
39993674
24458106
41580971
54092408
58915262
32097262
48051513
20454419
26920019
352889
29703900
14379047
59094427
45024977
59047168
61552420
41402195
18730263
10895178
72401992
41536156
37699335
26129749
26954370
19605278
37080233
54010418
44694973
42757531
3655456
14448365
55168534
45708588
10529756
38265720
47288458
4487970
41729278
67315468
29942379
58039286
25083406
54826760
16787882
16449164
36494196
47979637
12202941
4711426
10651045
32326960
10588125
63434209
73825419
32405692
15350683
52265202
4338891
41147379
9122979
2529355
18575249
30854256
32062236
3036814
5253825
19841140
29402804
63038079
64077855
15133110
56836824
7646445
8555512
4642633
92871809
37824735
32037335
25389780
1727777
52802415
25953749
38822725
57219508
66713148
21831459
621792
22645953
38874939
5667895
32619694
15098234
32751497
19446561
76335204
60300049
30088449
30018335
57231309
56415189
52873058
52859205
13117160
25132754
25120752
49650288
377754
5945215
21881073
5436581
335657
42724901
42719689
318955
38765981
9212009
9141459
71324574
71299330
71267595
71262312
35395529
17155953
17154467
54171538
46031531
26948495
5672141
13001564
2902510
1166264
46907855
2955460
47946085
1719152
56566921
45287302
882501
87852451
4549047
54754257
32321689
29313358
60248506
71176319
73970240
61923277
38276959
629379
3802112
67500828
67099497
3617629
58965606
36624125
15390192
23159895
72461599
40660702
46031196
41771188
70273018
67793507
58697395
41420541
34145633
59183416
37603893
107229634
70252146
20875063
54093059
60710518
67335789
6966531
68144802
23352077
68218218
55050578
68199327
7917191
66206755
66195344
34723854
58219573
20939174
60351178
37211761
66075685
61756244
43059304
51063294
11794563
59114792
3037364
9531731
47065951
82893731
35074896
59103316
74810535
69625612
72715558
59291984
66104327
12074209
41336666
54909663
33268561
32531554
11739543
61742837
19424832
66202740
14598205
9550579
3792680
57676665
47725973
55179260
21893151
47812953
63871934
52367514
25080787
34673653
18664401
56535055
50863180
153989
58168495
59294830
60696697
3063757
16438740
72871770
54159755
23363108
14948661
70400642
63546609
74120626
42940685
32656347
60017133
28615016
77389587
1036841
15617312
59294791
28419027
15939431
40654923
23904916
59876311
6100722
24846382
64282040
45031004
37163789
18403419
35039954
8454442
8574177
20612928
21165354
58986618
36870376
8871698
57655921
37401973
26903956
11244458
62102847
15153822
81353207
56231492
57847440
38971885
51568398
14700482
19492737
69491423
70269286
45251266
9996885
72466547
6116395
68571496
54144299
50611032
57765902
8741485
75206519
9280669
6271473
34494711
17113604
14748565
73824735
13478232
18944766
31804635
5995810
18312622
66508012
4466055
39661266
23384798
7905895
61724005
43283050
18314619
46305889
48454975
20101926
15946780
15619968
3899437
62489921
6985151
31488142
54275537
53947207
56312701
3071402
11679863
37256949
51082986
54137070
33969378
65493068
3102331
39903540
31863384
60451932
36613602
4629451
29846062
45983890
23452175
43147670
15083812
46380146
60129553
66073714
62178714
45157954
12490897
24356312
46784617
46358042
34722920
19254666
27348284
34306231
26553059
35586960
65978187
45928298
65533625
4238534
28116034
33943799
6231767
17446405
12861086
68563375
4703401
42916688
68532112
48107111
15945570
51000005
59573605
45316283
75672163
70267773
36345339
71524483
10796828
68769406
17468740
18301442
17229059
65847740
8608506
46067985
22083868
47853695
14873195
7717543
72532123
17905720
45772969
45307111
23439619
50403809
29993240
41319410
3369640
12955930
58886575
47756986
16659712
62619281
62177110
5793813
34713563
8410546
4354323
84629542
31815158
36968685
72747552
22601487
54536070
43245870
53316588
47943930
75850128
86987212
32004610
62997085
47373804
4622624
56448471
40309148
73629937
32264047
65347590
12914275
30172999
51627408
8277473
2256576
22634499
13491409
59049167
22942902
62001758
25245128
23207130
15441456
66081246
37639787
10646471
9405887
47778675
26734504
36054086
41169247
46843627
75366355
56862825
38228605
42425723
54588842
49629995
2769689
25030475
11971570
66738793
10608443
65466887
3586099
65473288
46019945
58851393
66723745
18311546
60601973
71499417
3729047
90103666
32841605
15117080
41329326
19426428
32290398
44823126
63930631
6297405
12299562
68012740
58440951
66660958
8572126
53249243
47330638
33487
13981880
47666516
23104134
73670679
921573
12495882
15023658
73811280
75684401
59668306
66523006
74049515
21796721
68400622
57664395
52909362
11748553
41763975
3237581
37485802
71390450
30069290
36306707
2000743
33057164
26032562
62606129
6959471
12125970
47692010
10325272
4828577
56756501
59628583
1037599
53976335
60129089
39881144
33639506
54452728
65634815
64329096
61808128
26742732
17849478
91580902
68936844
40824944
4655820
4555229
9605056
64477116
20527487
65350975
76417998
9215278
64425631
46131748
30692256
44320158
57886650
66549638
238930
64477142
32668355
71946554
46088529
4174936
47767323
21360207
63063891
49952336
17328986
63067175
58881960
32704580
28950498
33868719
26646084
4600741
70546001
35254846
32158552
54470022
1714230
21501415
49499566
12522307
8629649
15451942
14676917
32477548
30376007
4770855
18734830
59368175
5022704
9176009
53991095
8609535
47634188
70770409
29234000
10347330
12992718
13787990
62962973
9475899
32522946
5832564
50455572
72949693
28219460
32070303
35276886
59667715
52809980
60203478
47685324
67448487
43013110
68623409
45206776
15391349
34031037
54872012
29157015
46959316
45403045
3327150
33533605
34151900
74784542
66148987
31841474
30718710
51218332
75899391
2892326
36302354
51020292
65316796
68834411
54972428
76280070
32174276
16576910
11856323
20853817
29164357
45015572
45792586
38968468
30031161
27544276
23156111
12605149
45550130
41805441
68580262
19777999
131594
20417677
35216584
47373813
17101801
57273429
51387973
12714072
44411530
73130803
7640324
54839734
30505988
30401048
39986942
74685570
1074987
28862002
2478209
34561719
37760870
17335855
72933995
52315028
2079432
1265001
5173177
45996751
19334334
36613705
30237517
8886373
53908738
52945875
49788706
60836811
32259751
55168526
72645414
44497127
23209223
50611484
70403129
18326674
32528616
21016972
11236666
19459950
30016514
36308141
31555357
58858035
17840105
5991810
16778224
36591864
34135082
41631406
65366078
18682755
60077190
50371170
60566065
65302921
46392144
28305509
41777684
7901994
18200873
28598881
68422177
38821894
62928120
56954379
41760381
29990123
70942923
52761615
11119924
43249470
52742521
25881517
72153643
29958030
65548518
53197767
45969681
31951644
72798248
43940283
75117955
68872241
4227584
50614465
20832291
35315943
24295834
2964182
62145394
57356529
5885342
50544088
23902386
66494013
65503693
4304036
62074548
4568280
21050402
41787610
45667020
12259284
7645009
46466883
29975852
68543878
53671623
36389306
45253672
7243007
37765001
69969176
5366310
50710440
12568782
8772498
67579299
38635112
42216587
72737949
59474184
72208102
66092290
45775045
66653154
67577045
2836153
17027729
65519086
7951985
54823171
59294595
102214726
19757040
37108405
18201292
60057561
20927152
27206877
63254605
46226717
49714154
51235687
16466952
46104968
8591732
5352676
23209677
31180030
21883036
19532020
34161632
13483740
23590409
64267259
41845917
52394565
30005065
16446202
26755556
47779017
50218610
47833152
72536636
3720482
57766520
93091568
54460901
10593902
25124217
10541902
10345974
65244295
4646523
4488002
12260768
8470244
37462568
30380456
64313659
46204723
72216568
70376145
33224148
66084516
65846149
65680562
16295913
32179343
2008283
15924265
15881271
63339338
7908677
62826347
61770285
61516533
15207691
29500575
58479636
7308453
1795116
57274706
54778409
54520237
53934373
53902084
26921846
51505403
12234227
48033796
11891520
10867304
2671768
41833082
20792683
41349114
40521664
38508320
38508319
38246433
74851770
74420734
74420668
36910558
18011391
70242231
69101497
69085748
68476461
67542071
67469335
66013240
17853515
67311047
34893798
31789627
68139152
808914
6681553
29244827
15791171
66762999
55189434
19574554
35249795
66797414
23727067
53073178
9429179
61786209
33937329
70401298
65023078
23682481
31735077
17820393
12497214
7922822
51014065
32016568
5578504
32531529
77257447
72436046
39891928
15391890
13379244
51182376
54974515
30841639
58547141
60062489
36711430
59449794
65365921
36332329
54053313
47470741
18975615
26825021
33497599
29943479
9589862
29020032
6851545
19544593
34675670
18281292
18070973
59833009
71357827
22597414
58960246
15120517
51819497
6316563
4352689
16387802
60254649
45891910
32005968
42413698
27804042
13483207
62168546
14723488
29505649
36663894
48844024
48384282
61902208
19773581
64281860
16403410
32739522
46264002
32692048
68410817
28647736
23408306
23177806
3302228
39784252
58707328
10664841
9367246
13384444
30399683
24640698
11800522
57490453
14874550
54332192
25985600
4104469
55189296
57865163
1959858
22637067
39973284
5719471
32188115
63697620
53906213
58813250
46738906
36376745
61637483
10589505
64893024
25129820
68571251
66082727
33502294
14876114
3727002
47764610
17493586
4782077
23030040
57012384
3369211
32090126
33844412
2166480
9332495
46042702
41362050
32268889
79443381
2906259
47665814
40306303
11678592
33561249
4192080
59700339
58784229
13769075
22690633
21360055
13620540
4220235
70663258
60949339
30511716
17124024
64893577
54728404
45537155
35265992
23635536
8439369
21437670
62001314
70703834
62000965
15700900
42364509
29032276
48895956
2184063
26941037
45945512
16493983
66200692
19482707
30694246
53314841
24140830
71000389
12525505
39813676
52704139
61435482
28566614
50899840
39885854
73684678
31560540
68523538
37638189
65500265
48486999
66663041
94288392
70704674
3738602
38297506
54031225
31540649
72921011
55022423
45974610
35220772
15436946
56251520
54664887
50358870
40057474
67090767
5645355
43194145
47384878
68338128
3565705
10911276
56310835
30714866
69410192
16580486
45453128
75126423
38947060
63852490
47725365
49597969
65448644
26790637
9108994
48953999
37601733
63259342
20101234
45965013
25029812
15077972
22655440
3051739
40215724
17173224
2749597
35041189
2701657
9628683
992820
6831307
66078145
56730939
8420923
31735133
15403027
36793440
11032866
65365512
4675256
17258239
8597242
10363733
36370240
74370935
4343721
51325850
76343470
8466319
13689428
38732000
6866706
23582539
58119948
14609570
21915799
4585894
5121786
50375505
33377177
5514587
18543567
50555641
21097205
75720098
41267381
35324904
66069472
47825891
19427992
30687568
46138540
15647942
14940107
4704427
16798838
10606930
75798845
34876993
54815897
61424395
66483370
3721220
59346963
36669332
45780076
10536076
7863043
12993873
1404594
42409309
19047658
64637914
50006640
46564441
62557619
2136323
45140640
71068280
23042019
35352046
72483040
61914551
2704450
58827026
16688930
15129890
47995410
44520110
42094231
15932279
9727870
75443882
68455164
33539430
61886486
72609801
50389487
18522169
74031694
4796664
38418365
32626200
13718919
37271541
36618579
34127041
4707966
23275444
56566137
71340483
47721437
22061462
65525412
19308400
40108104
2691162
49592157
4349540
17401643
8223553
30274890
34390933
63337304
2984244
66672398
47893375
16722209
3320250
50213352
11032384
57774283
27379167
60665973
11791351
66200000
65867652
65540998
65476829
8089518
31997057
63826258
14451840
48332889
45981900
45096662
41817255
40560285
74825066
36346697
72122253
33912878
33816672
26319369
48482911
8523911
33914025
56538004
71401522
540346
59911205
16778699
28114601
67792340
100626206
65440318
33951368
38261140
6798547
17236756
39643092
46021379
58934657
13530331
7051874
54769396
33402960
14096264
19714159
16297551
62232317
47611390
46240890
32623088
75196452
1368939
46759944
60860405
58244878
1755469
19291957
34602053
15542239
26796167
67784946
16297686
382173
44871017
44847363
33570559
50231962
23219251
46685707
4515229
64812428
21016971
18956821
64343730
8846300
62154961
21509529
9105667
13206953
36305414
61656445
51021300
72530341
61941612
57998385
18070838
42571204
56668704
57258500
10871723
68557717
45964752
3552943
14624535
45632912
51015633
35233832
48297440
38274500
14891419
27338167
14631963
69680985
4494952
13432573
34023275
18355527
17366671
32762681
33355170
13547281
32101664
3320845
81452102
38799001
63531665
37519873
15029936
15700118
36230369
36392030
68445711
45264993
46438845
68007306
13148603
53551660
18474513
31532670
18774386
59730500
59985266
55288607
40438965
30538825
63322777
43825653
47922127
75751080
32236430
65692582
13521639
47940169
60756646
31780623
29500094
54003009
18296051
41773012
56911641
19462576
58879242
26974048
46197116
10567958
58664064
48901312
67116296
32671911
83806102
16655745
72349810
7139399
8367559
62053933
68456657
58839303
62886783
4017719
48161039
41735100
50403693
62163114
59726904
19010375
70589407
49885101
6823128
66316956
59854817
23705556
4510301
19013218
33416033
34300165
47982068
4823081
39964792
94379974
18954753
64254723
8622890
55370475
11669766
45262836
10759156
29351593
23894171
70664838
35563127
40033171
22599406
6556749
13915939
13809247
7128955
60064582
68634818
57948221
69484739
10335406
36556239
67525590
50076760
43516776
23991069
40542743
65484109
58818955
15827392
543800
5372754
13640940
23822926
4500450
18498355
34114321
68109612
38975711
43679201
56971608
33730160
75059603
40561872
55375737
27436486
5450379
79835750
33545356
10793928
26209816
38413445
56283990
36344875
68459424
15400032
18539911
70701772
53774399
21064994
85937465
40011260
67829165
34602005
67320031
58819003
22806281
19763994
34253516
38246896
36627643
10818444
10785469
47498309
44604706
83060429
75670743
60808355
54613280
65441740
10999088
15945105
10792985
33881800
58854544
109595713
109458343
104980446
104895027
104786051
104732100
104712141
103069715
102881802
102717449
101582972
101559945
101521816
99842457
97562143
96950606
96950432
96939881
96676710
95142810
94138297
93764064
93734519
93603353
93599291
93584701
91354642
91347486
91219896
90995025
90218336
90133592
88944562
88888245
88865419
88738805
87651236
87626001
86438244
85379005
85301499
85298647
81885438
81884562
81863439
81758420
80535100
80441210
78036799
77992993
77959423
77921874
77719218
34544642
39957235
38547952
30638747
20532883
70575439
79577133
30587074
62929772
54735306
22133077
43218313
45949908
55149632
74896371
17870282
4731577
3554687
51779440
11876838
20510776
5152526
16542027
31138767
56869067
37907849
835180
74747986
74381608
12208566
8611108
55027105
66465279
3943621
36669864
57947693
90270828
50983831
95542982
6840559
78821844
56769499
100757014
56039035
15402597
104979263
54241742
48306777
36600788
47776884
52360103
31951717
31742922
11033573
21857082
40338336
35229044
5510041
5241495
35562005
810283
33816174
74744768
7903167
57063182
4598100
17177583
23811385
31215700
12128217
72732606
93701482
36307215
57864238
66403225
59860120
4109821
51418415
75791605
56564476
32170973
8607586
77643606
107789878
67278525
9335841
65229106
15466437
40081823
25567040
77196571
64044191
63323656
63244233
8574407
32665751
36320474
71607110
34922368
50796179
50551967
70928285
60961305
16722769
7661410
47202146
11465983
71516937
60730447
5667643
41089200
62166163
56778060
9229717
14607658
3880008
59314931
80758638
58421401
56573067
14544791
41852350
62148821
10891268
26186949
10756925
16459881
50213418
49202214
41796269
58544892
55085291
33472518
48027312
65490746
2775350
68167171
7134595
54211690
71342610
23670569
34911461
64170426
28819960
41720713
15024047
7587980
76853136
32522828
5804790
54817794
47421253
62602978
32617591
31749266
3894455
40068837
45438747
84283182
62088892
56643473
53016058
7905861
41775850
15132755
32757534
29605881
65171340
44401656
41378171
51105203
3083952
34654432
46458347
42578504
842176
25925043
58920012
34022133
70914345
34250293
19475239
32537900
796662
66147853
51096238
10325702
46734667
16093590
32613173
30451714
4334882
23853862
42021067
19446108
66424659
54189415
20333620
75376319
41851044
24709259
51342795
40107419
59780195
32626517
34102296
29218676
17027794
32265152
33565423
51002261
47379256
12216655
58221536
32525666
23562649
40243110
4190730
71087410
14746744
40077059
22639606
67860034
70667033
12486066
22609543
30962305
65198315
49431416
6751475
31572103
47796925
76846451
22978166
15152947
2018039
32939724
52491359
16303475
11786673
57761513
51130293
42093309
75725957
68394815
95025276
4551992
46413934
49030512
15042352
8431142
36250365
8762416
45954542
16572448
60018331
17901617
71500015
72222926
49533342
75054969
57827203
38516184
52904877
13142240
46426795
58980312
54484058
47327890
67823057
41838249
68642200
62132100
47467663
8612916
54187540
25090831
92557907
40568942
40189994
27119785
16684953
12114038
10335670
80247207
68550212
46410927
59117738
32171715
48425336
47787242
32292774
59031139
39187623
46203907
46380458
4075648
34126784
19591835
8220410
89022399
52702676
58644170
81517816
41368053
95152317
42105847
66200109
18471490
6873631
25325653
61651001
76209485
58491447
54649304
37850310
65721849
67500125
32641669
62691023
5833669
29182514
6517053
49088263
59007966
65053267
59956434
50404684
13390747
15814995
31031011
4798402
37220887
67673250
5571072
35292900
8717858
51494161
68711056
12236661
51029057
899595
45446882
4657488
56277643
15163085
29160235
57496439
50350354
43181390
73566836
50986446
49941281
63022668
10666957
41323803
72521376
97348438
26750497
16583875
9123291
26214924
19805741
2993836
40389365
10077536
33985828
13885873
66711519
6717328
48758503
33774385
14859014
77177036
65723410
52861255
72329621
72780567
29621536
52263328
31457437
3433633
37564928
9825044
42725003
5947033
18971053
8461248
7677988
624861
2996558
26820152
30523532
46418719
19085878
35510090
34601700
29730528
30163775
4054725
26403927
12620392
56816700
64001820
75876866
72861593
45583165
2913857
65497754
57057494
30018379
57939320
4192061
34256308
73013917
50502879
66098270
19418222
219797
65906271
49902222
4136794
58872631
23440628
29854132
50402791
32907098
72532353
5767508
46759155
8760516
7772052
50935543
58965468
62898415
57671463
35235121
40278979
12890589
68478366
71066621
6867371
59810913
23203769
14758581
2639772
69584188
33813079
5257575
35273995
60721492
8273293
27303060
43859352
18323024
41225599
59554425
24290367
70062917
54155859
48951964
41187527
53750316
47954931
17936961
25920302
57616150
7638378
57278675
40410552
29516183
54153004
65515498
32774139
26934477
45918565
10611858
44557619
64014028
19424114
31724562
7902107
8227981
15712814
59674515
50412550
27530175
29572926
78848464
47581270
70623919
51804367
58945626
16561181
46751440
53992743
23410956
13769332
4041230
5667366
68377377
35699910
12211043
70418550
7685141
13973852
23418804
45941151
42748941
26835067
38307041
4604606
13597642
21318828
71087611
27052147
1406565
29402813
45326794
63863693
10395674
57277685
2260092
57518238
3331808
50750078
22094536
23940333
59911403
4500184
5133591
10012631
66113673
56546024
32788382
28930534
2752968
55127266
63278971
12579723
18492488
29567889
12919417
45823622
63810382
72834479
40185677
47407388
9113943
53203312
8568741
65360384
28241862
33636123
69051725
25799933
23659099
26750268
43477938
25245912
15818334
57941146
45967508
12971045
32655760
40243250
71498848
10358804
42477523
4924199
15067855
66450723
4711897
631510
61442386
46449018
40391996
50448448
65385190
69421194
32093376
10546261
9702944
32596306
24174211
47995073
5520318
347554
33729364
23181985
2315544
6035359
42756833
54815579
13092413
45962299
33966310
53718765
45241739
21841560
4657455
71031544
44855639
5518339
43008824
10316492
67165737
58949181
7880421
47438820
61864008
5677863
103266082
52872898
48087174
59146212
23890602
61413020
3699983
34145358
15782234
66072964
67065201
50205276
14449365
57832685
71225797
13764055
34883459
71357299
17205711
41242293
45977169
72793955
18662701
101821027
36963755
53544824
47969410
41029722
23896629
54153862
71463632
6021937
48773362
62177248
56328121
71388730
19003887
62607288
62899028
14575079
68934637
68071784
54579242
31558901
38106153
47725147
21277103
53526190
14691227
12185819
41319707
30096995
27063653
37552993
7355031
59341430
24399594
57917955
57478490
62917622
61427314
72981006
23101245
65775014
54879120
54087976
47414029
71280735
62251472
5033325
40417848
19704323
66235342
54761060
23505311
53030504
41165444
67576747
38656337
2783342
19242815
55085982
68617945
30420219
39006933
59960368
38243442
31809418
13124224
30722496
44645400
49687054
47728399
33420210
26201481
37168363
49136955
68563234
59951903
41223944
61745237
74159227
69490200
46797709
57854916
15061718
14697359
47790079
48307293
8586993
59005634
53834311
39603224
54766224
12489380
83385314
41334858
61371730
1375499
31671621
3034386
36376581
27578091
47701822
27349634
10685923
54056182
62906087
45051546
68151953
69107868
59021277
42236822
3848435
65537681
16116433
19686469
66081892
19012560
30924134
12592457
74960751
48959946
51511501
59678524
34657591
4246482
11316729
35752518
15117809
25435702
62234541
49453327
31842562
70662848
48209356
39104051
40033591
51130632
54180533
17119563
25378837
68529941
77290801
32849548
62106144
50359170
68463459
13123163
33376497
66122470
24488762
20108743
38278930
37728934
25270801
31843593
36351791
27553770
47332045
6426557
18374745
239984
52810617
15045056
62926680
14550840
45956836
46693465
47953569
32079769
43212691
49092518
12128534
42979112
18958532
8374905
30813932
17445756
54099311
31202900
74876666
10601277
32637507
62672658
35581684
3730877
32771096
15652957
5927151
41323483
24182870
40019227
2264127
33087518
65350806
65185918
47777566
41179135
70253699
98795429
50586706
57428909
23248528
40651074
36646451
65408077
7412302
18491604
36553649
18426006
54226177
32529366
19058137
58183053
47630930
41757538
34134670
28199014
12790244
66093985
31901066
2674188
23721620
10202575
41753524
45987619
63337414
11134334
65353812
65232043
30718411
40312201
66186048
56449856
49172898
18347317
12027871
16171702
59383126
17387497
34093810
59452502
25101222
10949146
10650005
75806580
6561366
5340214
74038215
34127486
33483404
52912605
53271225
36707255
26214682
18552652
67823106
23345442
56234248
69282169
62126954
21171180
30874192
25349812
11221008
36594429
43087581
58875719
12967293
2768233
65539561
54056249
64426097
13575297
47951320
39985182
68001576
28866204
94173150
58466039
54203761
21872534
28937336
5122238
58439661
40924283
13237631
45506667
19290102
12448841
47965116
17481760
13130701
40217024
33954797
54080828
13455655
18986922
21102772
48111377
56179647
77294988
67868497
53674446
40075288
32434975
65478648
69450875
10106743
39984663
46240347
37077970
39144481
39708818
32031976
22994895
49824387
56515871
4317016
12188506
46951740
56496302
3355340
69520354
3322076
38270694
23209024
54806048
12643194
30858937
29985199
58331674
62314414
35000215
50607109
19126153
31102644
62157585
28881311
23902681
11987732
66490281
3424317
44629093
40302655
12168633
69343096
70258645
54040119
28322113
36707000
50500774
75014982
71923882
40119042
46977173
32568109
26000952
38756575
8747657
56728541
4166759
45127674
47160422
68018778
9390878
36571724
62584728
61787387
23310214
3899666
38256021
42628381
26901229
37635552
29973399
48046172
17867783
12125351
44635188
69277999
62146866
51546261
74818888
33536131
54872045
32566763
55113257
57676576
10777386
4209247
35077487
32634589
16168083
44636049
54211707
18031109
84215445
56723865
19333235
39770457
47972963
41599724
23784271
36606970
3729556
54737870
49612974
70565989
5850033
55062960
14636991
15628913
48167212
46745721
18175359
46867639
68491802
46945820
76387378
69051276
18949156
21006475
71076156
31522606
13389608
23713944
17326853
3948502
41794766
52708244
47195116
67808278
46967363
58883993
21825551
43608718
63543645
62154009
63255559
5689839
47788205
45020148
73059166
4632367
48972035
45959375
45951451
4387334
36603465
14958681
70725494
6966733
54010215
21321535
32658907
18544314
14572975
38076049
4603430
11870785
75693739
41861315
72746206
62155504
885822
19805248
49924945
51488603
63566229
3733900
37644905
4460530
19083872
67710070
56869864
74720192
33641810
13546487
54732431
16011678
65500578
74712653
24425771
22986651
71957258
29165480
45218659
42261996
15103902
19252263
27163707
45773403
54971811
70767399
38898213
65498920
50709434
60916492
70991904
24674193
37134288
4605642
57796145
68532215
71368161
34101741
54578854
58880079
14529683
2017932
19268722
39939747
19631329
40843845
36270522
2266955
45817327
18988054
66090324
15946702
61717479
70239071
63833963
72496067
75712640
45792946
65427467
48522511
67503733
62612439
15396325
24419147
31156348
24004157
10536514
17328654
33743454
680575
36802419
14632064
38244516
4540285
3617403
45495541
35008423
30168994
5817913
7133031
14068500
10312520
33521281
43460023
74018520
41823365
1184791
61948022
25138167
1206491
11373440
14759269
15179159
36621644
1062377
49549318
56839786
34167188
18162919
68547147
13827167
104508840
21821504
10717615
68773992
54985538
12574123
56381977
8576966
46434419
46182084
12891196
41762635
32745541
7866979
62911411
72757276
58037415
35565884
34680048
2936614
32481183
24387382
56274415
35111894
30831070
35031755
31549246
35316579
18052124
37476745
60386177
68992450
8417734
34590478
54244362
3279987
74420740
36333033
60295574
52807238
60586227
65436921
12207143
25283819
34678178
31516487
22283422
37484540
68698062
40327071
66087359
47347381
32406011
20944442
51512015
45710330
10879095
28491764
45800051
36599100
33687111
46871014
4516306
71121325
36968631
63942861
9392228
51744192
42489353
66090568
74639773
46780002
7379187
45699686
2109786
3089389
65302991
56368092
36618937
43375630
27293082
74741259
71446672
27754361
47977377
64401607
26470799
13715376
46424662
54466251
12897587
3878707
15938847
36961570
65103754
25467620
45883125
73166205
56946537
71944392
63558781
47510944
5712673
42442948
4433740
63772838
60794908
3035819
41335119
67292608
54978481
57389642
56110312
801213
26357819
3045626
75153856
51087912
16893781
4194648
73604381
65511075
21436881
19340590
77327745
63035846
65414320
30932284
57553794
32608091
68193595
54245265
11348186
12219670
63299939
31577280
7769348
54009904
51038423
32034886
12138112
18945718
59997986
33693170
104816336
50603872
23737397
67581116
33563302
71405977
13931141
45218920
14866579
55151969
10198184
6078557
45720469
17084478
65228580
53993068
2706186
26029997
9128046
1750442
30132146
21486562
30960852
15045689
36647404
15109812
46926446
11629878
54114147
52282486
31079759
44764006
70560721
58391091
55253056
67569441
15063473
5667081
63562389
55177930
15012819
7988858
78898650
51158545
28270421
11989154
45056079
30308723
15108867
4106724
60909485
13979139
51378033
31546172
26918537
20373838
17841090
13840744
4789003
35395121
109270177
11055740
30565925
41611965
24848645
68446489
59548005
49500435
71423773
46796277
72180961
30052019
68649221
60600721
36424554
12790926
26165340
9555738
37116699
84224663
41847546
39023067
47372354
7644459
3394578
58559212
18565255
12710265
27519137
4685848
34839887
3729460
75804889
28004549
30312133
5242628
71312094
59995382
4714341
4218086
42417548
5276553
46406257
11640871
21101375
38367388
14881520
4875754
16722685
66214675
48314303
20135064
46765307
10593670
30352888
37397636
8832193
37378618
13111855
4176674
13393790
94425299
54237813
37807781
36710328
27394223
32750603
54678890
45793435
41833376
7298158
43910795
36360043
32651753
64610554
11931806
42263200
8085634
47958710
52677738
35047967
62678200
15218397
58437353
76414799
18764153
8607456
56383354
1728239
33139623
30064433
11663580
33859401
21541565
41167827
54094414
12802468
67624633
47287919
77211402
35339072
11756110
11752704
43479861
57443213
58832935
24760659
69373419
60640609
44460394
67826896
58880126
72939554
8161880
37154065
3665989
48466866
60492274
32311952
31999303
73667300
6699918
25360737
70416984
35059155
50387442
50341757
351670
48932182
83156941
35434285
10547903
72701594
34088298
5774740
59627985
22193417
42683970
21118806
36325240
45845372
18894317
35717436
32030660
31799509
40118376
61963313
7641594
59129928
26020163
65343940
58822910
40078800
29358628
71460898
63206683
28929461
2691260
67796369
46262154
38352323
53151455
16406176
46268369
37267220
66012103
51154622
12493150
35382753
56514606
36311851
63123520
7719857
11180360
18397036
71111964
18786753
60072605
72727082
46432654
21660686
58623482
27903343
11653666
47464235
41192232
71256333
532515
74820861
44592173
48933901
47788389
10918060
45342626
7565518
31970215
32657189
27784924
64998001
9096397
41887937
40517963
11684447
62584840
52320846
26173828
7592648
15386075
36366345
60170755
50610724
13869787
29227359
85965643
52629721
16402286
65168924
62654457
57761778
57233289
2234770
45031931
27336625
34059648
35748665
51711428
22163200
12050830
39684719
37267174
40315084
9703811
37008949
19137012
46653089
40205856
51282199
2484226
63563839
38212323
37211860
9292271
51986942
32290693
30073179
68447575
52779672
14675408
4567316
4194394
18459903
68119873
29838237
62615210
10594200
60542912
3735573
26036997
2994513
14586478
36336270
20248004
5410485
32753725
65411725
41284459
62884370
60027168
67218189
33574055
102851312
20430349
62288593
71293561
17129998
96698122
32615957
25235625
71286057
18020123
60703096
12074642
29267441
63424986
29510858
46388101
10868969
59640255
18322152
50391984
19341396
65391592
23259297
56770771
4630770
8773289
59185601
4362272
49527550
1926061
43013188
12673190
44325810
33810238
70177163
30183116
26365581
24263447
43477463
24676297
57568444
40408707
12024419
60429984
25173831
27404935
58922974
6128896
31487595
60054990
65688508
26834424
53106044
27694390
54578222
68463575
65892276
43696162
10922682
58743208
28114777
51000370
10317015
15953322
42407116
33892745
33650775
26744250
23277478
63838837
32078129
8604743
12966181
40418697
69244737
32878448
13139622
38973877
295395
71580468
73978847
67807689
27623262
48482081
9332326
57376109
22240716
33411523
40562885
6623564
59493515
32023066
37739453
37217133
70483720
29535566
5470967
3637384
104720674
11287828
34702051
51085348
18163391
16228135
70226083
2979386
934744
52862650
47764360
30032223
72965522
53117213
4248915
65304265
2471430
4058367
21577688
18507071
45203666
45877152
48454189
62163216
11278413
72459138
5984481
8550501
22202101
10869617
7197386
131160
14514819
47196077
59016945
14699694
63413024
12167139
24834161
77624210
32266605
31060683
14055319
19741002
60535917
57368368
2669980
23939437
18542451
59265586
60723773
53646259
45969656
71442025
63354886
46173296
70782756
7642679
65532978
47786791
64729153
12778094
33635333
65435802
76943652
61737865
75354236
12602052
64294562
31849540
60683561
11998883
66118544
50045793
42703758
36928834
11311213
38278001
4686827
70749259
25150758
45206580
756266
25007575
62763317
52154623
3228676
33823514
58377610
5667252
33234675
64891046
50959218
66809930
5856384
56315613
3719335
6079033
46579906
69110349
16432687
77965578
69278641
4658323
58575201
9548015
48883608
14609490
8835119
32753537
58023605
20760298
35647014
10555259
18506090
1723261
6830198
49607158
41173973
60322851
50592014
30893022
65178873
34617589
11316235
66486815
46019752
42441470
57439429
68144590
37007845
72817106
68118254
51273321
42425269
15614191
35413491
28784200
175198
528826
3317681
35693528
77018531
21198064
59133950
19014421
47939655
13071823
18922443
56740131
46013815
67469225
29816668
62163112
109507204
31796199
24373550
120396
34609058
75770734
66668264
67826212
60251003
56868281
23256943
4488853
49479616
40563560
68581778
24662802
41043414
52982373
68578243
33265276
8226862
76361352
13116881
28289152
2988163
16834974
32182574
16531864
54189980
38785876
70589902
5852881
32250081
51000231
38762179
16325462
46828784
34252528
37550433
23681932
55927074
29956202
46446591
60043294
71067954
11369617
47575520
46071021
21397017
41042847
45705734
54213561
18985926
6088849
3905974
29156224
8554129
7662377
8592338
47869692
3278484
33730516
29525552
41998097
16112457
12175914
9610334
67091227
4339081
6981682
21602050
16264748
31559590
22280621
42292409
48053103
4481609
36693890
98087
20603508
17553191
19119355
61484963
4063052
23056595
45018666
4516409
63961640
44959107
4065708
36633704
55519921
19607171
38179971
41961369
5786658
36326678
51153683
7883862
33718856
23093197
39023307
8574390
45293891
40220060
66144082
43553867
10553630
18965852
85338720
37555592
50566956
57445644
2299937
45945847
38558061
33956710
64480139
23599232
62992409
10516321
8857996
69054267
31798069
8710964
16440792
36673505
23289013
55563365
52818610
50621723
71268021
20295247
31038333
12577220
46805425
31864885
54249804
60608577
52946594
31789714
53768283
75249665
82329568
16614009
31730803
54592275
18289979
33484674
30495563
60742001
65504018
9404429
12500500
31069892
45682239
41196994
1077291
3720800
54267481
64332384
12487938
4667596
21163255
59956944
13791064
35611618
49444308
66201578
22976496
33735543
29866211
30026946
16569230
15789785
14704842
13842457
76860392
57877162
20963401
47784071
60956360
51096119
46435239
41846656
69607858
50722340
55003270
58062694
74818885
46801897
9122284
64843289
23042661
54578647
23219852
37258994
52546167
7388074
70416401
13380900
13252215
50221587
46961828
44996045
67469503
55663523
70267689
83001753
23057416
26841679
36552547
41761491
706523
32195998
14428044
98407084
6140340
47332661
22594642
72674681
46683692
23203898
46431736
54254204
26834434
40564633
12750670
69880932
16697706
33299806
4369662
43146186
18465487
15532325
23487408
59014440
21109899
36350713
56493135
18959332
64171505
1729998
56233693
73150057
18950799
51088884
64314424
73667818
40079745
59828387
55677554
68936878
39940277
32591156
4516644
68582022
13549084
687726
8635027
47612046
33812187
28434685
54783368
4897825
18777393
108130212
86083064
59671124
37656881
34127030
21430461
66084844
15653932
30135193
64112534
5674195
39029983
7500610
47378622
44340211
32828989
67724646
40484552
75082360
14751520
42140810
18714912
78477201
21326281
98480515
32527201
14543669
104434164
66323896
34189809
30692136
19251113
30547122
70944839
65114765
5475956
59723847
3725936
12256236
85442457
67829997
19461121
4118942
8057719
27323795
61788105
23081195
8619690
4818522
11332962
22152616
97569
31145721
68935490
95733504
58868693
7330761
52318363
12705612
46030251
47789567
12991859
12699834
31073716
32077878
35043558
30040789
24189357
12238760
30838483
32038078
39240919
50565868
35500658
64228470
59046165
107425179
40291097
69476412
19630769
19442592
71490919
74861432
49966375
42586100
41845807
55860719
12148860
23753168
18045605
66131679
30705278
102128596
65102323
64907577
50964625
95935492
54799733
70482896
34716316
38308501
47756121
56453284
25035548
65479473
50392094
84155153
103003043
14942606
18463336
32655590
46085847
19270757
30514199
12889283
3002181
52611993
13043504
71361197
5398088
12121958
69548499
68690114
30122916
52236198
4707920
36560575
25078802
10316777
51967486
30559844
49823637
35309746
62056472
39244080
66786177
68466647
44721753
40365816
32914355
59745236
13968275
31822780
60212229
12226861
47197480
24499621
58292952
46267789
37437393
3752905
3370224
76261222
15682213
27934651
809142
40571279
75909737
16954432
62612315
54158596
15106275
12676899
68567642
67634492
74959772
58851058
3008869
48947914
7501765
56235349
12106555
11776717
65122774
10553402
64826516
12247547
17783237
37644679
62929313
34023674
31762908
3343937
49842865
72193716
62165726
62165411
68582575
12213078
37896626
13560228
46388294
33230190
13355970
52784041
12134110
38752102
72754144
35776759
32096803
68710908
35209994
68931742
15981067
33920865
21016176
23585917
34629654
63567271
6028442
21825556
45981617
10814762
68023656
29420213
65526528
54686170
3000138
9283208
19118577
34163625
82744272
10367962
32009813
30548915
72846168
39177803
70450614
9578169
52991696
18876222
28289740
10650459
662517
59437381
15094500
91157240
59191943
13205938
45734092
38281262
74596912
923653
59628953
48019249
47965365
5416509
16575152
37050469
39042386
33814626
50467834
62791157
58966822
9260295
18351820
3224289
66361204
28960504
2006005
31713348
44882515
70394914
18422827
51486305
14941577
2143083
7373459
23207702
58850987
50019771
64488849
16279122
59757102
35789489
34346811
30890413
71932878
54068987
25050977
45703588
35053292
15899246
15635937
3939587
40407734
46001084
73641233
32559169
35196171
57698557
50800345
49597337
66393822
24454386
47550282
18540075
16091885
4932742
36589959
33265961
37006852
51077629
22664383
58909887
74885264
25825846
46120941
41588250
30187925
40579986
46548727
38514698
13699252
51788816
45017242
19701720
74395893
74110926
23254746
4286962
6276967
21701716
30133721
53659536
68480642
25270871
66360110
48321073
36672073
84029641
62242415
66878238
38284102
32820001
65348229
62026599
15608902
58531422
35090555
5763507
66213154
39924023
1914394
56657716
61020933
6144190
13871465
47759838
37399165
55000131
53189342
12989464
27742745
1080157
4785045
60438925
16716679
30840076
34560307
32638741
58592965
32643171
4420426
61914814
69967113
58436537
27952425
41330285
8583665
83116787
76917875
58555888
30312187
30761382
51546809
40998249
57659926
41894258
68176710
33573141
63413387
26335750
75953895
17921708
68430838
96557880
65075075
4909276
15084642
33182124
41026242
33777618
12184586
74165442
62473122
45262948
27231977
62015364
37402902
36523398
33477517
59633049
50194169
37015933
66096296
58735197
10922606
75150608
59626234
15342636
30236974
57539639
11813908
1875150
34620571
2005763
12216925
58779679
59487060
68148911
18477718
45055469
73682597
11277453
66101663
15613902
16691488
54164419
63040923
59014266
50203228
40862330
3334937
65371921
16556770
44924480
9276981
29153784
13826672
21095287
5262569
8404521
21804984
18973381
36366212
10455349
16105624
47732964
14022466
47569198
15914284
63559031
4734074
2961591
36556306
46134807
22807178
47507615
34618719
49860612
64727621
13174089
26383295
50195389
47697997
66094867
6900549
10792302
69673754
36414709
72580141
8878261
4055769
29286319
65526688
41208380
65439903
15391569
21898111
15211207
14972937
54708724
51091510
48416202
33962733
40564735
33555596
1886591
12778188
71284592
62145983
54039930
4246856
69364720
35233437
62223125
36026297
2655521
4661036
7640437
54918432
40534856
932570
12846247
47735957
37022563
1988955
55773353
3729570
29002571
35021154
14842607
74968080
46844870
8611708
33208196
32018956
51294948
67967359
60077945
55273914
23919355
45930647
22684234
34983173
62264833
40534058
64169511
65565172
32554406
19905897
35502222
19960560
62602636
15024960
66349980
21283384
37336408
56628629
47367303
13005706
72659967
68017197
33965704
65302256
55501384
54730547
35040401
41506371
72520492
17173555
4219621
59581651
31187654
59023532
58982267
36673274
14533745
45152433
11271835
12989065
30641557
58068461
4497873
61987541
53310842
11987975
9200390
16638902
47677768
49504112
41087287
56747819
70730403
70651203
70341093
57300820
59988308
7403278
27130701
74627264
68500071
54039181
15999764
46009971
4064257
11241931
23661775
34723833
7356068
75398834
32186075
41856112
32747401
27371756
74730554
68477483
55480907
167155
3323394
36148112
34843892
30173282
65315666
28033653
50386632
55010390
48464071
34136113
10818384
10531169
59110019
14025988
6173412
37579767
4162125
4067146
60650808
45273874
38887944
9677778
4557421
38895175
41511331
14579369
64037555
8092741
9520901
70686075
73421436
1715824
34046144
23308619
1033894
46151467
66486205
69881832
47669523
42094370
62610480
34924616
21788242
54493181
37272099
51072090
56718780
57663000
65032407
54500377
50852165
68942490
577238
42441661
49453240
37012741
54184145
7318362
12890727
46300811
44528281
5238461
16798818
32852633
66473551
4654729
48031021
52930597
35280695
27806651
47052841
4299014
30822590
30712347
43321737
61425588
52708684
100458677
12250819
68968246
54724909
42131772
18540991
27720905
2184304
26819825
54156924
8406968
2929331
48560849
40037242
58220513
22638353
45070747
62182123
26903765
60282160
42530780
36606917
35062178
43092940
69925121
51511362
6323415
57826965
33754164
15004413
83113114
68088560
39956610
37090309
41171444
58998024
47053229
45708622
37230787
36513428
13343504
67449519
62619432
3695939
16298118
65556540
25210264
68170759
55037797
32168774
58086435
5089429
64188925
14647054
30381597
46414005
21105185
26487898
20508420
84271583
26912666
66210079
38710002
53107942
45196663
68220035
30868923
50613825
72355265
36634066
49409353
5254714
61410146
65401602
37635137
66853340
1957685
56468436
26826666
5051428
37274277
29390489
2096143
26166273
813954
71895647
24616924
35289632
24230985
59135211
41518551
3101152
36334121
65373513
18295428
68463743
47609106
38860307
17302670
41151370
39945634
36623008
63434050
4299931
25876037
28771991
3356364
2251579
61912789
77018142
59739452
56498266
43439078
11380811
43698784
19868785
33671803
34105874
59756070
48170540
38073324
47831648
17611988
22987943
22687821
1995941
34904996
26836197
43060314
23667153
37211668
74744003
62170582
44326005
58121752
668877
41794850
45081862
36976916
4019375
62109410
68473994
67198256
12373986
11294643
9676501
37539344
41631424
390549
5705890
16611722
56741587
35423587
7509870
68933555
57540109
22608145
66203531
50417733
5910024
66081831
68530818
32804123
31911607
21546511
58929227
15364579
49816018
46028080
26576824
50753659
11377644
54610735
39588546
8485643
23252025
32272793
30577310
53593658
45037236
58029201
16578466
12138591
66743813
63426775
18479434
53834199
33575487
2775362
42952043
13605606
68556049
11067607
70187132
1186231
62303801
49627551
2107506
7977678
15044666
33666025
23893565
12198067
5819897
45752534
12180921
11451534
20835510
61442017
70935732
8840118
60220021
4715854
25147955
57103854
53238182
40191664
60292662
24661925
10616376
65387930
8527034
3012237
75866335
47316252
32467634
48026208
24336870
9355071
4471283
13234440
45809025
4363098
47352948
10461704
39051185
31789603
43555138
16798363
45981242
31553327
69784336
27523650
26952492
34686495
42394574
71723531
12593278
64543465
11921038
8421829
49636962
12049270
4675571
37549085
40075329
53985597
6138450
33944905
45426755
46028487
4205957
54945474
49973944
30362005
37219046
53989444
56827745
4423338
56720934
37995109
45230212
21682930
41188846
21706540
50623050
2836595
65506908
39854380
34929610
66292996
13069080
50787647
10563451
32096311
61518311
44887882
12210275
43056040
26381158
7382029
64290194
45631558
32670378
64886902
62751946
30962133
60168332
13825244
45487438
36018783
70477707
63259768
54533482
47953015
41365706
22590536
15038578
74632679
60038304
54077105
22295805
57547565
57376128
56232368
38233817
55035491
66678750
56235190
13476734
53809424
37105191
54009866
33819157
59655660
219029
14094821
27689598
65423173
60573017
86753274
10559937
70757302
37167604
23376510
37824810
58840388
52825699
19428741
19009556
42782086
7884783
54600697
36600061
33781232
66042271
63379615
44773826
37233314
56297905
56256630
26237131
72862703
15933928
54591984
31560241
43003285
15159159
30231852
40018691
68483246
27379298
84242237
72782876
19068050
29866190
13135964
73979227
33966835
58717886
33467706
64305137
51084334
47512386
11793948
11654991
46018331
5101337
34631554
4199202
47095309
47365983
75807664
62778093
23987884
9436720
56450679
40562898
50787180
50225742
12094814
54011374
69361655
49980660
15938927
62244931
65157016
55772447
59163365
40243409
30461388
33682627
56577430
3867448
4215122
32869533
64353449
48753235
65476653
71025170
15525605
58824074
56674143
36626228
59342196
20973220
75082293
76916376
53306459
23885196
29997710
18335557
13888986
26956039
32190412
18158233
68711851
14587164
64408575
11433785
46206234
10880246
12698384
39152642
70272184
7368310
68101693
61475072
60601356
54564546
68621077
35056003
64315540
68136958
45258983
18461031
20750308
34332355
46444765
33269915
33682499
44421885
56441433
34678642
66414943
30884347
81512331
56327908
62204384
69566784
58370236
106888552
57734255
49938531
41323588
38643668
36650297
62241926
12092408
61921993
33964312
1111384
16936998
40061990
31650876
34126940
15664970
59315635
11637907
42551367
24386439
14438638
41516623
66349727
65799052
32749355
14669161
46926203
70315980
19681754
71469839
37076081
58796117
43585827
58979162
8425010
73273412
72519912
71400398
51420739
58800167
2183186
33802107
60026793
40013331
61947099
26738889
39002534
10824298
30841833
66105160
19042100
62656336
32662929
65545197
56332873
45974132
47338092
33722799
37652335
26315214
34028347
65478900
3378287
26913615
3359912
74029588
32746173
50442372
2507738
57490842
14872379
12657657
70993669
17486944
12635190
75347105
61652028
38290220
72584975
68928321
67819192
61897357
26418295
21305660
73511558
35541289
47215169
18458467
18556958
68352883
36602694
4631545
57478109
8456558
10810089
56272241
36374659
18054256
51238656
6115289
52313580
26592032
16966329
68725445
32009197
50437999
3767342
54798381
10624591
938509
66088117
50928181
7637730
23505553
43112860
30764461
47827212
41875618
15747490
29649906
42293579
32560109
74182095
45981210
65076752
32514313
7298277
66075481
74616764
32557183
24400698
67054564
52763378
66067337
109648573
50382438
43227826
59609732
108986534
47819497
26738781
34928438
11684754
93321688
32473927
56627652
54186085
20457292
30885731
53629769
34110872
75957769
29164973
36908566
73018059
54087895
58178892
69039984
33001256
49580827
49113609
68109482
53893258
28930678
42891096
29520024
47847536
7388711
38996077
101937717
45778677
18484052
23531424
58573486
32539259
43443471
52228920
54715159
42909594
30532865
31899333
34308231
32671860
25003663
18564380
66345588
67519480
60187544
18258765
64706683
32027224
14959189
15337671
58847959
57356630
36690316
54199363
15406112
34042328
41892322
50487993
34979606
66451762
63326925
4765190
69885634
37019070
31840466
7399229
45133719
71063239
59132867
54686958
27465475
25215336
53642890
43416578
3037029
64194716
50213086
45665045
41229941
71105606
62121233
48958733
12704384
11386094
48255255
62435384
4361105
15162480
38760703
18612769
36585102
16437525
12671209
19070746
32850169
47372330
16578569
3320622
36832351
65791147
35472638
37692448
54492010
60293971
59093018
11105032
20366045
72848400
47705414
30828975
16432169
29581648
56655308
72982375
27731214
64986334
35257835
14857116
57952316
5358090
64322724
36638689
67932338
8668494
38928832
29235076
70487259
7513366
67812409
64853027
73644935
45038306
68628253
108324860
51009453
34022841
18503454
16688557
38233795
65140223
54532711
107517259
12275815
26170160
62589788
61224040
58227125
55521250
54080890
46086075
22095964
23280490
26785089
68550259
20537848
15936999
24288064
68188851
8862062
69469024
20837760
5177148
25003590
14472662
19077802
40127812
16575465
29673026
49263595
41581367
612383
4587820
26801707
21839049
55111633
18760293
39011315
50730938
13334620
4618064
41053845
36695482
12250039
50419381
47838105
8710281
1942897
74099899
82841510
47732889
21927057
68256279
67160727
12044568
56646616
47375621
18992142
2092476
70270547
8280977
46080691
283388
67785632
65510976
28771293
43111765
44748275
26035077
63958350
31740379
60536098
63320033
14376944
2461382
39935819
48596849
53910115
109731366
9340054
75889060
32692961
25118556
19592810
18302797
11201095
5412327
60574685
60204263
37551252
8207995
48523395
47967809
23326553
76915300
30562615
61023519
43053790
12964203
14962867
37484391
58725804
8541213
61923749
52848743
65364094
54225727
5661657
65785969
54217078
16683510
10494370
21268722
32547525
75884795
42975230
34000653
60240836
6260270
10809496
32539254
72735710
32028644
36499217
63547386
26201156
13089740
12480532
26935169
47826032
11828961
57370590
4226488
58723765
26823317
32897250
38400543
32853949
47731186
14962420
3408169
65523650
49387397
68966879
92687428
4355615
74096686
68776389
29436195
28314754
54921894
33252530
63324388
2102529
68171126
48432215
75179773
34673810
35427971
7569120
12922780
40163515
63090137
4191070
51717285
48016421
23067244
39683256
50371894
68016365
2017142
5569448
69584174
49593109
15946161
48422527
47634055
37276077
70487055
10605038
56305811
45702472
2914873
60562551
59628858
4111960
32066898
56274282
46009185
38808862
70398929
50440295
59005226
25177843
24294880
32529523
32197657
60277074
46927176
5383320
67981104
29909653
45990235
59397596
14532557
48320786
14603230
55849694
2585077
69542085
2450124
50522870
10617948
74071923
2249677
15342593
60076309
30783800
54401139
61078590
43424242
32829942
62130111
37324118
3026137
68675436
20517174
62592716
25272558
49291662
41201736
60420981
29153471
34512408
1027603
44321225
58575942
16035428
47908060
32201997
60806122
4558706
62161845
8593533
26403831
34151347
15114051
53175054
47190125
40121953
32542470
65548354
4048310
61598554
49090186
17657645
63427672
66152480
1494571
2917539
41763640
8848775
70079802
10321992
12522270
67772222
57782353
74637119
63974761
58195865
47357624
25321076
50203103
33423235
60035805
47308094
32141614
30073484
15798259
55187437
50631826
38746842
36980979
21794742
69579088
61567967
62606110
15019096
24449942
96380100
69445076
32356896
68132415
2130022
68544363
59384262
44535191
27340051
69280990
3784939
30074827
71564550
45247552
54241155
58033844
43501808
10600742
12686113
4514355
49921526
50628202
59193645
47762403
3727020
2705358
4509923
5425910
41290708
62645912
58519529
40283235
42095088
66240055
58271217
47989486
14852057
2672488
41331946
47328841
43296674
66538656
54358372
13527805
19029154
63859653
20517173
64172903
75706540
9120397
40788563
60667557
13437468
22968031
35657141
17171011
32828830
36391484
35511929
9263928
62740592
4213451
9440237
68155219
12662877
47201616
52782737
3328250
28564459
6251184
14940401
37121567
60237174
45725663
68662146
58865349
24725446
4715115
752342
37677067
35039010
25447126
1109950
1722368
36952774
4212352
50877738
47727737
33979489
32247878
50771391
3053148
41337315
76208708
24168697
74057975
23291912
68333890
63773168
35967944
68111562
65556500
23506156
45105675
18979787
24732328
4579542
67307970
53656026
50562615
64966437
50397454
63349059
12803552
70679707
70598222
58476948
71403972
24282591
18497479
68567660
58275089
7178819
41067237
19057470
23767596
242057
64313124
787231
68936006
4070776
47841922
61486724
72720650
30506001
38406117
68384212
48315823
13125889
27678129
39554362
38967325
59772333
61942864
16249836
3552807
67544272
32356657
31936832
9328604
28202759
36653357
24406547
34129540
47984164
13804454
105842284
41335248
17141162
27832644
70489888
32268827
37677861
64491629
73546360
2132838
16432352
32404715
4176860
46915956
10158007
31502841
33676433
23484862
43349347
31650225
69612030
60242206
59324653
12498871
45937234
43581733
8624158
61699327
3277032
68455155
49701265
24805014
23437976
33646092
32036099
62073722
8766664
21062430
8588353
5146733
25894384
32186297
71027169
53895055
35795225
12044622
33400913
63298468
13534583
37639838
27456576
67156508
14581256
55052109
65393212
18136635
15334443
24381102
2964167
9737191
45892867
51567455
19075393
3073690
45982757
20798181
4366486
104133834
15990464
42463335
70999622
91767596
1989221
42920195
66680414
48402353
8959101
48972211
23371664
61487375
12210442
46737531
30502557
66205891
18986387
39928139
36615788
14578886
67777698
41759264
47954975
63249969
7247168
1184544
63321154
24142167
19484154
33233006
57858222
51037183
5189770
62723229
102315877
18075176
29225371
21315175
75849369
30842234
91984924
44865555
45670602
15282389
17241160
15138217
30779637
63426305
56457409
58261763
37027159
24172683
66547692
60227889
65421186
24169114
71561093
45073189
