10000

100805378
71905101
47308094
18992314
63838837
24286692
33501049
47779170
64717634
7593374
19325021
58955289
68992187
58439388
2746989
59449794
8770793
23289040
37154031
72295624
65500969
59854817
35143105
46801897
21422182
36414245
57525763
10388690
24732530
14961686
14650559
56839786
9332326
21289316
19340909
18983684
33975664
24169364
47739255
72260864
59474184
54208077
18971186
33533605
54785779
72727082
61637543
46009883
78587972
72278335
33812979
33069049
29592415
54460901
54176169
13123163
18052124
40807168
18988983
74933329
72306551
18011039
58925913
25883286
58962879
47835739
75362672
55153511
54093660
34595995
4808878
62606110
21171180
8765171
15040883
28297639
54763677
47733977
14677471
26375510
45989206
65170880
47837363
23252025
2786082
2666853
6962157
40730402
40345930
67170645
11294643
58828070
1720041
45984470
11254102
4435789
35133401
40645324
18970489
33986944
16700354
57539639
57503534
21301319
68097565
67826212
64108036
30917240
7712356
74462360
15663989
14966549
50371615
40342554
36349240
35132993
65450321
59469580
59261192
50708529
67312527
65387930
15652103
35152318
34883459
2137617
7528407
57534014
18948710
70227334
54242537
45981205
40547021
76974646
36353578
71000649
34552541
33829405
31456066
54835778
26186677
23261092
23252384
75840072
75029993
37148766
36855681
30932686
57547456
40648363
65682669
10351034
74156979
33377220
5773608
21479666
76392575
37738053
37112491
35119480
2080304
59874815
14951946
59444237
45054517
19093485
74587429
72282237
68775176
58468423
58444748
54754980
50276445
24414779
46245564
34628362
67069175
14961465
27804042
54081722
46229633
22607630
40310281
40111962
74161749
18470160
4227912
33366336
31774962
15027666
54032315
50455572
23296489
74488125
16716587
31490421
15705684
15391129
14529683
46769938
46210642
45035765
42136209
39007593
75037229
73752370
35048176
65548203
16000356
15666900
15119415
58515144
27163707
12216655
24386812
11987732
18956623
9334106
37093063
72271655
33197180
33077875
15151019
59294830
58968021
58898744
58849369
26509558
23379189
2680542
21313531
10416275
75680181
75484400
74895295
18670954
18565255
34571707
32344512
60721492
15119235
29499627
57876451
26454953
45206776
19325346
74552804
65685415
59450087
54725612
26208387
51482927
49496285
46562061
43105376
41554107
38359802
18386130
18267428
35242969
8766664
8765063
68779219
33886955
33184991
7855888
62616251
59979283
59459471
7356567
11261773
34568685
68429550
66824250
33385740
65243692
3954921
6836794
46061461
11316235
20958364
40650437
39883189
75149026
73279624
68636083
33961212
67672980
33677434
65416247
31780115
57559274
47773243
47681064
20559369
19424114
75152989
33072152
4113788
65257953
31996350
31576163
59294519
59170976
58243402
13741585
50991089
47767129
23384298
45987176
45052723
11032474
74463622
74446100
4628526
17922987
33057790
32766833
64292104
31798069
31489138
7592648
58851058
57447296
6963405
54164280
26785089
50991055
48333141
47800246
23384798
22791405
44827595
74120446
4139113
16443720
65544717
7518469
15036747
58504109
54492010
47749949
45024961
43518895
41068820
4776196
18261413
36023579
34567658
68580651
65104785
4014575
30623191
30358221
15147177
55049189
54979041
54973486
53928399
26772301
50985604
24163854
47848688
47717189
23839451
45244686
5380978
39766455
73433959
72715222
72218748
68170759
65542578
32540920
15994875
31555644
7857747
58914783
50990868
49597806
12223959
45949795
2734787
75871559
74897252
74873325
74120744
73305338
69278641
33884289
33812072
8428634
66173414
16450697
32546712
32522878
16225547
15140986
58439661
28102454
27767199
54748007
54208572
50197778
24046841
23753014
20587172
39188573
37701545
8753183
33993183
67550428
65400691
65316763
32042328
29330834
14647755
58449997
3496096
55260924
55132305
12684013
47859638
47760602
23237179
22608078
37735624
74477302
74090760
17840105
71023987
34358401
33845761
66641564
66081206
65414320
32700495
65164503
7593446
58991178
58547141
28282889
56011329
6963164
27753150
27752205
13004030
47917030
11976133
23287003
11304336
20562913
40078471
4909276
75020600
36430634
72800416
34135082
4249340
33781232
67249142
33352940
33202544
66226846
66100129
16425371
65538065
64241527
31723285
30624989
15080856
14786840
59020235
58966024
58823781
28292951
27360260
50343556
11316852
40392946
75501983
37739941
73744165
72307311
35147996
68114609
34011655
33848172
33826641
16581820
32546329
32521416
31826124
1976455
30577251
15122608
58897870
14635703
14633872
57524401
26309625
12687289
47762749
47696923
23836789
2925813
22794454
21475717
2646625
18950560
37513479
74577135
72520468
4236433
33083940
31779829
62681316
15041575
59276530
58521246
58450795
54553289
26208553
47869770
47826692
47815209
47718897
11321774
2693345
20569835
38564141
8763241
33904909
67669519
33811515
16695957
65148660
15763087
30456137
15065053
59994169
59751380
59487060
59185601
58541033
57652935
27186120
51500418
24388321
12184543
47387843
23298935
2697659
2681372
40774725
40438646
1138659
33981514
65522897
65422904
31825623
62618401
15387830
15108486
7524795
59082807
7295678
6966455
27777684
55154899
54231102
25491349
12689525
50375500
24414709
5791374
46239740
46002333
5407154
40337187
9604102
75694526
75424040
37692448
75019538
9340054
36943247
73306559
18009665
17387822
34640358
34630133
34620571
34590156
33918845
67820005
67213544
33567597
4181288
65539015
32551073
14986016
58966967
58532001
58477683
58467681
57676576
27960569
6979238
6975508
54805042
54715173
27336628
12789096
49093368
23278379
46048368
45152433
45041756
4890973
37880361
73664053
34906310
34677418
34511927
68655050
68446751
67481300
16699176
66109251
65534356
32365684
32317007
30557883
7556108
14978835
59364516
58930224
29009317
28937920
57378601
28241319
54826597
54789137
54754365
27139416
54186729
13321165
12983158
51288724
25348890
47869323
46206968
40498143
20243933
38867877
9569019
37266183
74383491
18266775
72757522
72296934
34226541
66630811
16563782
63973619
15169620
15094500
15043004
59849547
14642110
58469057
28960382
55994152
54188892
13350224
50625196
50385097
12232371
48344757
24170581
47829407
47795390
47692866
23388297
2669348
5254714
20620605
19309166
75972858
75229892
72301665
18009604
35104034
34597537
68149866
67851529
33781695
33699301
65440156
32524075
32367495
3959520
31455249
15134512
59959661
58923597
58908789
58800763
58692687
58505844
58473243
58438832
3589830
27768418
26989625
3373058
51567455
12225319
24385466
6051706
48339349
47815358
47761108
45991616
11336257
706637
2761985
40657157
40481302
39901947
38165764
18950556
37830388
37280271
36842547
4452785
70295981
34505716
68776740
68561538
33813182
4205719
33196586
16463603
32361982
31853257
31824729
15661980
60640877
15158256
7567610
15120741
15000122
14887470
29657079
58558732
58534857
58474759
57538247
56090095
54797005
53778228
51035306
50998674
12210442
48289290
47668023
2923260
23203898
46266349
46077557
22983108
20578725
37288038
36864194
73045446
72282590
8582419
16885608
33562810
65708895
32802942
65435990
65224365
32264126
32038799
31970014
63692498
63106678
31485887
30620178
58977851
58880380
14682743
58718716
55808374
27772808
55031715
6872435
54768755
27185040
47767929
47709054
47422087
46796062
22941272
22713164
40355514
76751988
37107009
36135320
8769357
68653928
34041540
33882065
33830105
16694076
33190709
33058302
33047415
65176327
16100642
64294146
64241253
31734159
31479784
62603886
60473610
15042352
59435709
59112436
14624483
57537706
55006325
54784184
54207519
54172610
24649429
23390638
46075558
22794653
22587995
21472614
21173214
41193373
4938227
9517145
75762399
37733999
72844730
72798587
72163498
36024775
35008727
68665852
68201795
33783233
67218591
33042108
65677515
32751618
65440363
65174964
31944172
15941761
3960725
7858516
7517266
15012140
14938221
29747966
14835885
58967427
58897516
7316011
55257225
54213822
54053588
13345929
26411259
12557918
11984340
47750161
47725033
47686045
46210618
46026515
11336705
11243757
10342982
75458096
74550455
37267664
72738532
70752722
34162291
33809408
33429565
33366973
65415652
65413812
32700048
65168125
32561820
32019598
31773768
15740744
14946741
14941482
59432239
14821883
58574131
58467024
57876644
28223522
27963960
54972977
54709566
54707565
54237526
3348796
26222080
26185382
51290066
3097159
12211374
47668544
23388202
46529941
46441348
22973804
45163870
41749875
20570965
40734008
39895691
39179314
39034844
36053771
35146522
34955650
69540271
68097090
33977836
33965795
33920505
67484878
67077458
33071527
32797857
65517207
32533329
64078115
63679092
31812359
31766188
31733575
3957354
15156549
15081885
15079794
15041602
59020511
58981257
58925611
58527510
58441105
58438906
28948580
54825998
54791371
830810
52353886
51130429
25047938
12255722
12255387
12246743
12202356
12148424
23384759
23354109
5803784
22992454
21577635
2672345
40258198
4924199
38863240
19330287
19174781
19113658
38125041
19037615
75969438
37742581
74918765
73733676
72308772
71883413
17785639
8768631
68751764
8525592
68176501
68081862
16461160
32787246
65433945
32552103
31839634
31732903
31588912
61790333
60667891
15024696
14848717
29499266
58996716
58476667
6966170
27512213
27369999
109435558
54210554
54171578
26982650
26771362
25501420
12512032
12377984
12181520
48302627
47816500
47786561
47719783
23632729
23590409
46550588
46539351
23202080
22976437
45029608
693792
2694494
5257225
5121329
40680605
19680890
73295792
36427005
72737049
72205745
70835298
34582906
2144890
34148452
34135264
2107289
16655909
65448189
65429099
65408470
65248975
65171389
65102323
8054213
31917099
15022350
15018495
14994325
14957060
59031046
29476010
58658047
57675064
56919436
28222415
54752424
54164133
54078023
13402845
26396336
26336507
51575934
48522089
47675285
47669252
46932805
46549646
46549022
2738761
20974194
41195279
19016252
37577533
37171534
37137987
18561623
36725307
36302590
4509200
17970453
35726730
35154349
35151244
68396771
34098995
68121070
68054688
4239986
4186730
66792125
33310518
16468686
32775939
65452557
32513704
32426417
8054714
32182930
64295951
63001503
15441348
15153822
59901930
59808054
14937277
7378643
58875707
58857305
58680970
55614979
55151969
1722368
54785813
54252858
53983011
26850501
13265796
26484704
826686
26301019
52546167
52394565
25366556
3140684
25013325
12169197
12116433
47923312
47741650
5689839
45034967
2767712
10608302
10388325
41112097
40482251
9634521
18402385
73300449
72907512
72748452
72703472
72300182
8754915
34922066
2170532
34632051
68104091
33957409
33943148
33537290
16484118
16471677
16448042
32788735
65500726
65439986
32674772
32522468
32268253
31786103
63411494
31481236
15704048
15655212
62620589
62589591
61686576
15162673
15128024
15106275
15084499
60108046
14940496
14865158
59453094
14791886
59061929
58999092
58995297
58906915
58873371
58822563
58560256
14634107
58531422
58423234
58162390
58080897
57673744
57503781
7135508
28242548
6995897
27753754
54834673
54831706
54167931
54084673
26925543
26461229
26357819
26245435
50711128
24160162
47855261
47678866
23748195
2953974
23147494
45949279
11316729
22022151
10797229
2694338
21324439
40646844
5067474
40131549
39898460
19407102
19171920
75140740
37145048
37138875
36850261
36403051
72716507
72510497
34599645
34514770
68988207
34144706
68120102
67845604
67096975
33441448
16698140
66725118
16579475
4123180
65533835
65405963
32464440
63434050
30932784
30732883
15043489
15037685
14994178
59739911
59508178
59364279
3696668
58883403
14587233
57862122
57662414
57433495
56715887
55957791
55949786
55188885
55141806
55131908
13728805
54738485
54545555
27212275
53750316
3315629
13129841
51404042
49494898
6168382
24436010
24427896
48088983
23900465
47409501
23247076
23233571
22655440
11311213
21554752
5363210
40897558
40573004
20264416
40334086
37480482
73762920
72273631
72027356
17997719
71913175
17926407
70946718
8685767
34270423
34148456
68148400
33657918
16798876
33200359
16485929
8045757
64290269
31825679
31823915
7868405
7855808
62718430
1914394
7613042
60649369
15105418
59973156
14975160
59900626
59548005
7436330
58951464
7356124
58596262
58538078
58531820
58079590
57738494
57502730
55022460
27224515
27104217
27091527
12193140
47927551
47797409
47665821
47663989
23411756
5749396
45983350
22800124
45160273
11259599
2772340
10821170
21307136
42441765
10354497
40565185
2526156
19143287
75225352
74927679
74812443
74598195
74488259
37144774
71469445
71117632
35133608
69606858
69557899
68213972
68213277
33857084
33773648
67216235
16721109
66791479
33367342
66676682
65439841
32542871
32524245
31932958
31873823
31809328
31754780
62993605
15656715
62009216
14974376
14946903
59482312
59274711
58890070
58507137
58488072
58457674
14489732
55015177
54836354
54804787
54724039
13621449
54254635
54161070
26992461
53913646
53786841
26523806
26441885
51176133
50983485
50772407
25271616
50389742
48522465
48428977
47736216
47685912
11831533
23461079
46427372
5789033
45971921
45053650
44673859
21325917
2663864
5254274
41846518
41823125
10333780
41139150
40884515
40338781
40276115
19506268
77403337
75878009
18373024
72772568
72337704
72158891
72149821
36020001
71911833
35653546
35502145
70710829
34983011
34613693
8646401
68861374
8591944
68595208
68455155
68148729
34030879
67478147
67477665
16435101
65683672
65406927
31851003
3906022
15361810
15131218
15098043
15063473
59988020
58860536
14684070
58495463
14523276
28960504
57767045
57679431
57499156
54790847
54775168
53979594
26403261
50994495
50709601
12079165
48268796
12063217
47867406
47864710
47834650
47692847
47183731
46928127
46793782
23300106
22992692
22964734
21558676
42413927
41832184
10336948
40195941
39881391
2484735
38517956
75833804
18948571
75656518
75008858
74159654
72873763
72735797
72306722
18025991
71931699
17977950
4443274
70981551
35143944
35004813
68192904
68081433
33935427
33882176
1057906
33381588
16447291
32427262
31997964
15992025
31834177
31819607
31773095
31459632
62880680
15643030
30922117
30861794
60908089
60600011
7569226
15132920
15083812
15010711
59986441
59474490
29596616
29596177
7380887
59005518
7356129
14690656
58493792
56083335
6966559
6962456
55034221
54809053
54722709
54248153
54153582
26981775
3353461
26493002
26389629
26250038
3224289
12704700
25242959
25001427
24851504
24661394
48277925
48254575
12033871
47924215
47694686
23288669
45999753
45038646
45033768
11217403
2773302
5381416
2550492
40338382
40276323
40052637
39876303
19511957
75211648
75141194
75130468
75030482
37276691
18540960
73744800
72793812
72738828
9001457
70530912
34859978
34840241
8587809
33986355
33937547
4241423
33883090
33811597
33782692
33707805
4205244
67219647
4194502
33323373
33065923
16463371
65799446
65526449
32741896
32532858
32395818
32327995
31774843
31755873
31535038
31475909
62944878
31458949
62824696
62177589
61879172
30929396
7528325
59853553
14942241
14940301
14937713
58847707
58819545
58555089
58456117
14578886
58215253
28458981
3547083
27511403
55003484
54800588
54782141
54560695
54551023
54240785
53672057
53671645
26198224
26181457
25951756
51387973
12633773
50436664
24670404
47698466
23504744
11726159
23302788
46224375
46033270
46023051
45974109
45945363
45799482
45795298
2830906
45054115
44700984
43708698
21437825
2678025
21161109
20959560
10444106
41127586
20484739
2555887
40557471
40521372
20240331
40124952
38672474
19140725
75746700
75103213
75015175
74392940
36979966
73663928
18368741
72304272
4511892
35720903
8845057
70743396
34635497
34616351
34598157
68460854
68141031
68115125
4240323
33901957
33822957
2113319
33537703
33513476
16708173
16528799
66098260
16457806
32820584
65555868
65538546
65500064
65229590
32568014
63871059
31825494
31796965
31752077
31723524
3956000
62955446
62907414
62880957
62603523
7589539
15106268
59985404
14958269
14943778
59674284
59468947
14816828
59032987
58864757
14700861
58562979
58549206
14636987
58544265
14633667
14629437
58509838
14609511
14522350
14516515
55253077
54977214
6853113
54796973
54794520
54790102
54719968
54232924
27116053
26445413
52702513
26301894
12747616
24837254
49169272
12284032
48283607
11988885
47872146
47796703
47691403
47669523
46907372
23423502
23379833
23233690
46015392
45676915
11350459
11202657
43599969
5398088
2696678
21486452
21482039
5369027
5366083
21371012
2669980
41631424
20637303
41241878
39888847
76808441
18983603
18816174
75263210
75159083
75020865
37438229
37129763
74106849
36962804
18439415
73300545
72822669
71933690
71902857
4479952
17900399
71368928
35274943
70205243
69196264
8618665
8596641
68186986
68133923
68079352
68049051
4248623
33963468
33904295
67807111
2116770
67572950
67476614
33707637
33673615
33518918
65684057
65471641
65430065
65392407
32653544
65168121
8069131
63730512
31740379
63427672
31572691
7858528
15660526
15644162
62283448
30924543
60477805
7514509
59476621
59264458
59182501
59032667
58931840
58564425
58511236
58440900
28944576
57542854
28276633
56071486
56010589
6966387
27737523
55257736
27555199
27500707
54822292
54707705
27202843
54162261
53606021
26508874
52970817
26167567
26057539
3248605
51000552
50990714
50990685
50662366
12660848
50438545
49130008
48527061
48520420
24166666
12027657
47922127
23959721
47871374
47787595
46886406
46884629
23285569
46494367
23234988
46392264
45964695
45949055
45855889
2828653
21475081
42357179
41017106
39887004
77201525
38568796
38301420
19130241
4780770
18995806
18965647
75259559
37514302
74478432
74157081
36636268
18262322
72845052
72781646
72772311
72727013
72241982
70758820
70272772
8773809
17455462
69606844
4344975
34627165
8635308
34321190
34233289
68078733
33783029
67483258
4198212
33158912
4118129
16466019
65559867
65538187
65393675
65388272
32563813
16225874
32325172
32258728
31877447
63133355
31565025
15652140
15546315
30928446
1926061
7628056
30366278
15160694
60029700
14971221
59840555
14937478
59607729
7427334
59073774
59028327
58947641
58920012
58823557
58559864
58539173
58468232
58449081
14608257
14594829
58208691
28947022
57661661
14372991
27785937
55263386
55261765
55201926
54829524
6847357
54730055
27136700
54172765
27078952
53788352
12470210
24833402
49151026
24418962
12184481
12034581
12021182
47826468
47754202
23667367
47306930
23444055
23302943
46548713
46064680
45983238
45979814
45025103
43391269
21458856
5189672
10331736
41193737
40792752
39894197
19328535
19140185
37822881
74897938
74569070
37247535
74481891
18296555
4570973
73045078
72801282
72797123
71910459
17777697
68870668
68776389
34159715
34151923
68134094
68081843
34032771
34019789
33962374
33898626
67598076
33385883
33348880
33201469
33200137
65677186
32780869
2048353
65503582
65175302
32564568
65033435
32340752
32268274
32214847
31939086
15952764
31854826
3957260
31459875
62592980
61815847
60857604
15107171
7527438
15025715
15011010
59980662
59864175
14939465
59674515
59003845
7363031
58878929
14632740
58530722
14613215
14613086
58450212
14521693
28945153
56655982
56228050
27957130
6979994
1738565
54768304
54710570
13644210
27214783
54077789
54056329
54047397
26787173
6584647
52084220
25883329
51560260
51421533
51220473
50379186
12563278
3043023
24322285
24280536
47868775
47755100
23389608
46718948
46241336
45947161
45946242
45790633
11286389
43578413
43080039
5376218
43005972
21198540
42139981
10394884
41550158
41093667
40995240
40119602
4912280
4803819
19060066
75946835
75879435
18956239
75758315
75688978
75248608
75204688
18691702
74490278
37148803
37107493
74157506
36796405
18372322
73064441
72924618
72869271
9107549
36427845
72853683
72783310
72295811
18025746
18013023
70775048
8752613
69469132
34432212
68625753
68194022
68149153
34029858
33998514
33984178
33814882
33808982
67482770
33679141
67087596
33510688
16688930
16577843
33080211
65445137
65440250
65403182
65335803
32533052
64998904
16163809
8063386
32186388
16044039
63930593
63900961
31945547
31939501
31882489
31763245
31732306
7868522
30925495
61049812
60822173
15165160
59995382
14995045
59855207
59504791
59267939
29579076
59039266
58978804
58905668
58794419
14688920
29331096
29156118
14511407
28955083
57884114
57493987
57477892
3591202
57254760
56003775
54816252
27217771
54224582
54217457
26839695
13350756
26280354
52325313
13003236
51638492
51240320
51131226
50397141
12500500
3118055
48996264
48972794
12141980
12120258
3026137
12072383
48284181
48106315
47957716
47920912
47798933
47785881
47733989
47709562
47687170
23826592
23597443
46603986
46271868
46266716
45972740
45868949
11335933
43639237
5376608
5355903
2673576
21294577
21294047
10445276
10346029
10330695
40588828
40569267
40055861
19869025
4869060
4786924
4772095
4770609
18999957
18999079
75257839
37337607
4650318
37138335
36893681
18400751
73415508
72870886
72860688
72843946
72308857
72201576
72089950
70965401
8754806
69474528
34704984
34621734
69036252
68644900
68428874
34162371
33967460
33782623
67481783
33702691
16715139
33387573
4162203
4148742
33110008
65977628
16419342
65518869
32702955
65279182
16233519
32029902
31850944
63675333
31812324
31812225
31797907
63290258
7712504
15340840
30481305
15164409
15148340
60188062
14995492
59486944
59480980
59447262
58990032
58922899
58916024
58909333
58874981
58851658
14695876
7320674
58478607
14587511
28960921
28285498
28255615
28248134
55940528
27963353
13934731
13896743
55261230
55006657
54996121
13734373
54812831
54713025
54592572
54229131
54195360
53818754
3359469
13402827
26389444
13004022
12972848
51191538
12785524
25467678
50878769
25367512
50165649
24768060
49169414
48919800
12181940
24293268
48533284
24151875
48282950
48137983
48096155
47756988
47755065
23705148
23313367
23250691
46416237
46389871
21984306
5488199
2701304
5399031
21341034
10620318
21104380
21016162
41942265
20835091
41322097
20625981
5143238
20459953
2550044
40790102
19681690
19334869
76718359
19111318
19104470
37991076
18990026
75033249
74870536
37211498
37155203
577697
73683323
73065926
72846168
72813304
18182746
72518683
72516513
72429915
72234742
18045887
71944755
17592071
35137673
34958801
34860397
8600239
8576027
34098267
68147428
68091788
33996669
33900581
33882213
33869937
33867504
33824982
4198031
67072845
33508581
33508439
33432036
66786480
33233344
66316550
66171698
32770878
65526934
32749574
65433181
65247382
65243662
65172783
32489052
64904590
32399950
32374595
32356896
32260219
64293897
63988864
63245685
63242637
63120903
7858361
15705067
7658856
30515798
30468806
60670106
15132934
7552793
15086942
15040087
60097370
14974676
14938458
59745654
59275892
58924260
58892950
58866550
58849733
58532113
14632843
57427765
28404785
56009116
13890297
13853073
55162098
54999222
54986194
54821283
54789577
54768206
54711888
54592718
27196115
27193681
54142280
54060489
53899982
3355593
53656201
3353490
3309729
26290514
51231275
25498258
12631798
12621710
50359170
49600089
24765374
49496231
49132566
48704927
24295916
24289033
48264333
48259427
3011339
48037625
2999807
47988984
11975984
47855252
47851569
47821932
47816685
47705689
47666424
23396062
46773337
46664388
23302057
23148246
46215987
46000543
22983525
22924090
11309127
11218787
44604168
44325280
22090992
2749324
10896738
43059304
21441463
21430552
10625972
10426728
41087628
40066761
40054710
39878472
38905220
19291421
38556424
38263057
18986269
18801728
75182024
74463905
74147888
37062601
36968160
73527672
73420871
72763690
72755086
36299252
18070980
18066126
18030840
36026923
35726171
17805844
35474312
70907144
70881805
8749560
69416683
34632428
68800299
34299388
34272671
34242081
2129821
68126013
4244275
33934287
33923407
33916905
33914661
33871830
33851429
67699004
4227368
33801000
33669911
16691221
33199163
33195324
8259864
16463509
4109126
16371208
65477900
65414100
32532559
32019346
31942737
31856509
31741438
31492743
31490407
30846820
30775925
15381646
7642679
60912410
60903801
15171784
60608377
15151413
15137795
15081230
15038280
14996075
29731949
59100323
59016993
59002119
58995842
58949062
58923620
58923449
58921463
58822211
58732667
14646721
3661077
58523268
58450425
14572470
58089483
57514066
28304073
28294712
6976190
55236629
27507278
54841754
54800889
54756096
54735306
54591520
54451727
54231035
54220028
54166691
54076284
54073708
3376979
53605393
26533098
26465308
26436101
26187083
52353742
26141667
12890123
51407579
51014763
50975777
50772020
12616979
3125057
24734949
49380496
12337732
12032510
749394
47815762
47786232
47737433
47734208
47692010
23835225
5872358
23459313
23282233
46037342
46036075
22800222
22669267
11329403
11303764
45163978
11255084
11148263
86278814
21419328
21384209
10689707
21133812
42205315
41955248
41216308
40869130
40777988
40714411
38297454
76302769
18955361
75443409
36964366
73664119
72861727
72797584
72754823
18007220
17991019
71807854
17921045
71176190
70743534
69466847
34535845
68872657
68639792
34252631
34096767
2130022
68134149
68124938
68116812
68110744
68103550
68009416
33961657
33954035
67780819
33860749
33828504
4208148
16719251
16702990
66355475
66113304
65991123
32796834
32774024
65500265
65414598
65388548
65339011
65170131
32554280
32548346
32519649
32515993
32491086
32410100
32327358
64290493
15977286
31921186
31825626
31797839
31490356
31481751
15703483
62606379
15598258
15544966
61680919
30691289
60858256
60750841
15146987
15117809
15067935
15023803
15022214
59990476
59759502
59673077
59476676
59247227
7380456
58999678
58938836
58927375
58886575
58853693
58836649
58509361
58477143
14619002
58437296
58117345
28953586
57519235
57385069
56823838
56698786
28099529
56071897
56009750
55157935
27505989
1714244
54791368
54790040
54782162
54732378
54728335
27273760
13603869
27121872
54208664
26985174
53783377
838035
26190513
52361222
52354109
25434382
50380167
24971144
12257291
24423087
12206047
24383650
24290598
3022792
24174710
48040655
48001418
47839246
47820442
23895180
47761961
47738234
47737678
23386825
11644817
46554951
46444498
46253748
46241416
46033140
45973905
45971993
22983621
45946767
11301664
45033857
44841817
44838583
44503590
44483026
5498784
2696342
21417476
2675478
2664662
10413600
1288715
41132062
40569858
40490023
40071763
19645295
77355749
4808821
76785739
76742198
38360376
9474817
9451686
37743076
75135198
18650716
37127836
37051967
36966728
73460683
73074421
73074023
73066343
73052885
72843917
72812957
72795550
36350616
18086467
72267896
18065266
72225314
36106177
36077728
71457649
35697435
71360115
17806227
70835828
4418988
35154327
35002056
34701859
34602485
8593278
8586612
68657254
34314539
8568983
34229251
68446095
2133872
34097628
68149232
68126607
68079990
33933075
33830726
33777350
33666026
67073456
66675575
33000364
16440873
4075773
65165959
32550654
32503835
8053201
32114552
32041530
15995920
15994676
63947109
31724562
31717383
31531730
63056822
7869893
62600100
31071570
30968473
30690517
15098404
15097782
15081883
15066305
15032400
60124605
15024861
15021092
14945101
59602644
59461702
14852057
59363368
59357769
59160020
59030913
14739666
58879369
58874490
58861166
7355230
58554887
3659191
58440947
14595268
58335471
57513240
56642422
13987007
13979487
873690
55010411
54872526
54831027
54821818
54775790
54766370
54766117
54256035
54225476
27072543
53925595
13459944
26847432
26487909
26443055
26291253
26243290
13121072
52340778
52239922
25912012
51531142
12847640
50977642
50767966
25364892
49223328
49180513
12200741
12180596
24151042
48093633
48088910
48050685
47921037
47840490
47755670
47681365
23827911
23671025
23433629
23408445
23392843
23280706
46535097
46181713
46070998
46027897
45795967
45665625
45268816
2828863
45071594
45067828
11262394
45046607
2748318
43282084
21332428
42188498
10534562
41792609
20704590
20683720
20625631
20582312
40720497
40649315
39901091
4866562
19344592
77211402
9532714
18985904
18985808
37741824
2357377
75130758
37522649
37148807
36964973
73763035
36837001
36792032
73542256
36669233
73305441
73126271
72910933
72765245
17956862
71472249
35649458
35538553
70985760
4418813
35233438
35146898
8771728
8756662
69499881
69476778
34673706
17295139
34541965
34532348
8622336
8612417
68621517
34237446
68454080
34126882
68218471
34104764
33935635
67838336
33807572
33807533
67591936
33795400
33780671
33662528
16688753
33361994
66212096
33069571
16455884
32786939
65560676
32769185
65226945
8087391
32342125
64319525
16078187
64281410
32065318
63914052
63822393
31864893
31850875
31763560
15830324
31631876
15698681
7848573
62592760
62590530
15644612
61811081
15343782
30540208
30396771
60671640
15164233
15117670
15044779
14984336
14979176
14959082
14957128
59478011
59461077
59354059
59274004
59173120
58985551
58906010
58905654
58874606
58858516
7354724
58836680
58658238
14636074
58437297
14590909
29162253
28957351
28956475
28947886
28944188
57666023
57650610
56010954
1740694
27748305
55186422
27527703
55048977
27514142
27468055
27395009
54770194
54747210
54714163
27357002
54706305
1709429
13669031
54612420
54503475
54393500
54234018
54198450
54184125
54167890
54153252
26454422
52704139
26337794
26204238
52344040
52238305
25510480
51006163
50612328
50385894
12445361
49300839
49297253
24173281
48341840
12060767
47768424
47758413
23631899
23388215
46629544
23289013
23229850
46411426
46364749
46280334
46048584
45993535
45982445
11486713
45714319
5645272
45087361
11253975
44641713
2785240
2784299
22009115
5501420
43598895
10806044
2694253
21469409
21428382
21132519
21100972
5239625
41831895
10413012
41249320
20620246
20440580
40690632
40689653
10138155
40481475
5035705
40214642
40118337
39976994
2471573
76330283
37253958
37141908
37125504
74121057
37019353
36987369
36966720
36847818
73061996
73053758
72837406
72834479
72812700
72780567
72774070
72664064
72616576
72158911
18029475
17959602
17895099
70630058
35253181
70321425
8756407
34671243
68634202
2138621
68206303
68205261
68128005
68113277
34028467
33980240
67831950
33901444
33843939
16913912
4215512
67218682
67212055
4194810
66819230
33380419
4148817
16532681
33054849
66102139
65684111
65545203
65519281
65429211
32703497
65174813
32569456
32533028
64299458
16051522
16037314
63785444
7956497
31804810
63491576
31732950
31654718
31587166
31576480
7858134
62752716
7818439
62002629
30803684
61401988
30352503
15109763
15082696
15046323
60117231
15027970
15025030
60096459
15019531
15002382
14957919
14941095
59270317
59036215
59030027
59017111
7370564
58929959
58907961
58743017
14672478
58552220
58545382
58495795
58477978
58476410
58472242
14534635
58081906
14519778
28960721
57866432
57582257
57525209
57492084
14352782
14348507
57302808
56967164
56813842
55869942
55024642
27509796
55006906
54977598
3428361
54831692
54771885
54767482
54765563
54722962
13658556
27177876
54237596
54207799
54151645
54127281
54051753
53671939
3353838
52930597
13136190
26235471
52356330
52177345
3185984
50371845
3134957
49818824
24734540
49130974
49101963
48345721
48256691
12021661
47838070
47837835
47763623
47705361
23841522
23698207
23632240
47236722
23435858
23417445
46807122
23306040
22991604
45976548
45697781
11325634
44853175
43569161
43179570
2691518
21471263
21417225
21394554
2674006
21257741
10553019
20612570
20561525
40735891
20271636
40120578
39895793
39884010
38929634
77403412
19338171
76829666
76568268
19093985
75806580
37739965
75279827
1169582
4664520
37265779
37134105
37131981
37013756
36790933
73077178
72995531
72931629
72855080
72800347
72799520
72799120
72785577
72754249
72714517
36317160
18081595
72293687
36026679
70946122
8842369
35133771
8760937
34835331
34621277
34589433
34579996
34568533
34545552
68932141
2141315
34241325
68185268
68179138
68145891
34014983
33923765
4230077
33778221
33759585
33253091
33246793
66336822
66087409
66080444
66073362
4119971
4118898
16443866
4103621
32788251
65519928
65435261
65428826
65428173
65423479
65326120
65229634
32364959
4043584
32337246
32266611
4029039
63862429
31919547
31836817
31765336
31763279
31725082
31608615
31578599
31519655
63028801
7855034
15698621
62282195
15523605
62009023
15338056
7612722
15159220
15127062
7546366
15068471
15042901
7514095
14982446
59844538
14946935
14944118
59768985
14937717
29498044
58960111
58910099
58823849
58823597
29375698
58531075
58509867
29244573
58483128
58467708
58458484
14524028
57866324
57476978
13993858
27961067
6960557
27679306
55261546
55010511
54834781
54800016
54789661
54786365
54780242
54748380
54739145
54724084
54596837
27130057
54242276
54208312
54187786
54163969
53995832
6733683
26902044
26877132
53612199
26510593
52971092
52373322
25953759
51501611
12705612
50710927
3145058
25009923
25001504
3102812
49166260
24514446
12211475
12184863
48527293
24176059
48344811
48333736
3013898
23991069
47944955
47745786
47681705
47668743
744554
2962149
47275071
23617146
46757200
23375797
46603147
46553168
5791125
23151907
46224255
46223974
46207643
46048214
46016263
45986395
5692590
45462426
22668609
11309281
44887471
44841645
44704423
5497112
5427626
5410493
21582131
42997005
21425809
10687742
10462424
41827774
41825775
10442297
10332980
20630083
20587272
40341542
2505223
39902239
9643996
19177156
19091695
75947088
18980022
9472795
75669711
75580904
18827518
75263154
74898169
4674048
74658864
37141030
18429220
72867396
72772499
72748691
72745859
72745733
72736398
72726217
36280761
72517377
72291405
72162851
18013458
17905316
71543165
557790
17785307
70945542
8822229
35057625
8754780
34898197
69469068
34601578
34592046
34568172
68873380
68806420
68646562
68531207
68438460
34105411
68198301
68149879
68146269
68079564
67991935
33879827
33843383
67671290
33825506
33821551
33801089
33793879
33743785
67473450
33671987
4194603
33430407
16691064
33194826
66220479
8268664
33042730
4127824
16450833
4112303
4107165
65682681
65546704
65514892
65508258
65435914
65393631
64609697
32044499
31849162
63696470
31837587
31814706
31794689
31789603
31722116
31718774
63359079
7870881
7854787
7854320
62655964
62597456
62306711
966123
61794987
61755575
61688556
61686249
7605881
7605539
15169721
15088214
15080156
15045171
15042571
15040656
15037098
14946641
14945044
14943158
14938099
59511431
59479945
59473270
59454201
59448122
59430203
59022636
58963021
58953270
58836631
58550491
58545278
58513117
58500480
58488731
58466003
29138367
58193733
14517787
28951739
57902645
57675862
57390098
56751711
28315124
56617518
56611684
28262705
28249086
28118597
55985640
55293793
55173274
55156993
27527573
27505995
27494530
54801165
54599658
54250293
27122995
54175146
54076951
54062564
54007161
26979679
26336538
26237448
13064058
51098689
50711064
3150518
12491860
49195310
49194375
12193175
3039036
24255168
24213774
48136616
11990737
47825114
47806668
23902716
47761504
47706085
47688355
23772094
47536040
47504328
23696632
47264640
23406828
23369144
11679411
23283151
46544400
46235581
46185152
46155448
46009716
22998660
22997046
45968825
45948227
5689951
45460716
2836144
11341253
2833358
11274285
5635126
45063867
2795772
44503506
10979264
43659998
43509081
43244082
21465353
21435388
2673916
5346277
21334143
2664480
21314584
21260002
42431103
21156388
42169243
5262970
20971658
20913316
41787610
5183490
40909336
2555533
40465580
40343972
39897922
39875458
39000652
38451486
38265088
4772631
9507930
37736704
75231091
74934750
74922145
18689224
18674637
9321538
37259565
37145312
37110870
74159421
37057792
36970882
36961900
18410286
4590869
73065994
73061001
72773284
18165199
72268734
72212767
36016199
17991780
71921150
71912624
17919256
71521036
35752121
71119969
35490162
70752750
35248041
35217821
17564301
69958653
4369621
69472851
34625472
34618724
34561122
34249170
68461389
68199786
68082096
33983045
33893232
33857618
33794356
33781486
8414422
67257180
33537594
33507138
4182923
16716875
66710532
33098123
66159756
66112547
16519135
33002140
65575157
65539176
65514912
4091860
65444799
65444469
65441487
65435954
65423418
65414484
65388128
32666614
65291396
65251937
32547901
32539418
64820782
32272717
32134374
16038612
32036644
64015125
63987036
31918234
63701610
31837239
31824734
31590095
31525261
31484205
15666849
15644674
15612728
62330697
62001842
61798920
61791641
30706796
30624051
7591578
60682636
15143148
15134171
15116805
15082680
7532848
15062573
60023390
59603356
59287838
59170251
59018016
58910125
58876728
58864571
58862707
58827183
58821635
58520657
58508748
58505249
58477075
58474754
14587791
58211674
57842608
57802351
57684958
57441987
56654530
56101068
56009839
55930872
27963616
27874121
6967498
27776265
55195051
55176543
55142179
27513888
27508280
27505765
27467595
54809431
54789448
54768035
54742805
54710967
54221458
54179485
54153862
26921980
26879050
26855473
26837613
52632682
26246653
26233013
26225536
52219982
51302191
51211930
51130584
3190634
50990941
50800974
50432294
24840927
49234989
49168781
767669
24434468
48724215
3044900
24152193
48257206
12062690
47941049
47927638
47706730
47685890
47666869
23436325
46805027
46787633
11606949
46258464
46226377
46048304
46026593
45961536
45960325
22973907
45944476
45932995
22962506
45849551
45840254
45326140
11331070
11325743
45245076
45127071
11261343
2766170
2760876
22047757
21969530
43749665
21710226
43410239
21704068
21445710
21431477
2654771
21227370
5237970
41887549
41817064
41790675
41790363
41515347
41464061
20700226
20579707
20539958
40825328
2530171
2512940
39899931
39889157
19736576
38846392
38563217
4815619
76507562
19002088
18959891
9476041
18948277
9468536
37735537
37702415
75271308
74937518
74716258
4662115
74149835
74147653
37049293
18484629
73758280
73757071
73745066
73523063
18354690
73306191
18291023
73041823
72843942
72843604
72757537
72735627
72294025
72267488
72217178
18039560
72080247
71608702
71374843
17839392
35489335
70764282
70666361
35133288
8753159
34622417
34615652
68700315
68622668
8555883
68408954
68367152
34141847
34140095
68187193
68173045
68171471
68146029
34042328
34035283
33939931
33902103
33893171
33842602
33841477
33830013
33811136
33775610
4221914
33744943
4211485
8421076
8414248
67253822
67218911
66773826
66709157
33202660
16467702
16432352
65690049
65685027
65624672
32811810
65512067
32748717
65446311
65442064
65404208
65242161
65169202
65121804
32529044
32523304
32521956
64906239
32261796
32004322
31929305
63843978
63843776
31811733
63568886
31780393
63552509
63550804
31765220
31725373
31499086
62765878
62294530
62011450
61992725
61963345
61906688
30924338
30906371
61795045
30894822
30741468
3838839
30628234
15159950
30274087
15066551
15066540
7523662
15027219
59995804
14997617
14962867
59822505
29876818
59674187
59500924
59466440
59365013
59278419
59178969
59062990
59021617
59005598
29500515
58975832
58926067
58898154
58895880
58819526
58808030
3674540
58460975
28958149
57854923
57726224
57669667
57360831
57281621
28593643
56923547
56922759
56537049
28091924
27960536
27956468
6970419
6968663
27680579
55263822
55236511
55204202
55038291
55032972
27511221
54945064
54816141
54814090
6847320
54775228
54546426
54541745
54427458
54343827
27117460
27104600
54194774
27094466
27089396
54156827
54129776
54128964
54097232
54094653
54055433
26912654
13386089
26444680
26443060
26389604
51806484
12920808
51200584
50991882
50984492
25392541
24918306
49600513
49598881
24628245
12256937
48931074
24425157
24404681
12147251
12135170
24165944
48287530
48133823
12010797
23938886
23925652
47839072
47827481
47805590
47781485
47757714
47748392
47744306
47730215
47726217
2980785
47691790
47679084
2952279
5881737
23436451
46815659
46659973
23301590
46504956
23147548
46270264
46187318
11530113
46028080
22955701
11339525
11331005
11296416
45152688
5634985
44707491
44676142
44537097
5529955
22019859
43658878
5421645
10805897
21418292
21361715
2669552
21244120
42138192
21059604
41857044
41609146
20691972
41252471
20457292
20359510
40489169
10092135
40344491
40118238
40117916
40107891
40059719
39894414
39892051
19895934
2472423
19337774
77151782
4806851
4782209
19127575
4770556
37994209
18961345
75765988
75611181
74964090
74744923
74712518
18657109
74474898
37213283
18564660
18561260
74130093
4625749
18483801
36947784
73846374
36823134
36605070
72930843
72861590
36330841
71921523
8980613
35602213
35556796
35542803
4436032
8808616
17394834
69468146
34620175
34586748
34544910
68874799
34407630
34247015
68442919
68245286
68157794
68112738
68097451
68096719
33929161
33893464
4233361
33808538
33782950
33664610
67324984
67213929
33578636
4185504
4178316
33402468
66232356
33059873
66112372
16477723
65900748
32880483
32797585
32754446
65440997
65398008
32621516
32558922
32558561
32522229
32522063
32258997
32144905
64223660
4001328
15995612
1998576
1994676
31821085
63576599
31560949
15743373
62617969
62604089
976702
62257396
15541797
61975472
30916182
61784728
30844196
30400151
30389650
30273479
15132755
60517497
15119546
60444446
15083560
15031585
15024063
15011573
14957428
14937494
59674248
14845295
59277017
59160623
3695939
59075587
59015702
58958645
58915867
58906364
58887595
58851590
58824081
14662706
58560635
58523873
58523249
58500253
58486597
58441653
14450948
14396812
57555534
57441593
56782147
28250360
56447306
7002537
55564511
55150788
55131156
13772484
54825247
54816080
54754800
54744524
54722520
54580462
54535632
54507277
27104854
54197270
54197225
54068752
54048785
53976946
3369365
26920933
3353254
53229236
26466139
52546901
13128115
26231039
26191172
12966013
12912031
51382212
25592687
51156944
51132205
51021300
25498092
25477365
12719977
12687244
50633016
50387653
50361185
50358907
25010006
49599961
24735682
24431929
24409077
12200818
12192255
24375889
48321929
48273686
47924253
47923348
47873891
47847869
47826656
47813348
47793050
47767922
47732804
47724871
47718955
47456049
11775746
5837036
46606817
23279869
23217940
46282946
46255863
46252551
46207219
5767032
23046844
46012545
22980430
45867505
45841639
45243554
2815084
44892952
44674064
44438578
43532277
43279196
2679141
2663324
21300536
21174908
10529673
41836182
41729550
40869013
40769202
40116819
39182997
4837170
4814433
38496662
76730883
76385074
76229467
18945531
75693793
37750046
75153899
74584924
74455906
37125436
4628667
576788
36840098
73667838
18389524
73054820
36427214
72824235
72821012
72800229
72794410
72745918
72515464
36189385
72319467
36154947
4509045
17901389
17897984
71528676
35757650
35705547
4436374
4420622
4419385
8763220
34958931
34913099
34886109
34603270
68639999
68517711
68444965
68437916
68394815
2136456
34148787
68151953
68148806
68102582
34034591
4246204
33966667
33931728
33903463
67770117
33881195
33842391
33841390
33821351
33811996
33774916
33648117
4186362
33472968
16714809
4177193
66114560
65972901
16447371
16444036
32793604
65535124
65499564
65441354
65393118
65388434
65326382
65277454
65167992
32562637
32561917
16279664
32553648
32522552
32402155
32355554
16150051
32259061
8045199
64304290
64302267
16054050
64112777
31930855
31872722
31763376
31743208
31495682
31454728
62650106
62646094
31140849
62277154
61962836
61920126
61906575
61821333
61798565
61795804
7683199
30521684
15155602
15121826
15119488
15117773
60436617
7553532
15082921
7537317
15067562
15038705
15012902
60043773
15007438
59994919
14995901
59895855
14960577
14958620
14946998
14945759
3729865
59475925
59433651
59180389
59167904
59008159
3687491
58994104
58946489
58909887
58909007
58906378
58896021
58868693
58856424
14665272
14646908
14641686
58542932
58529431
58487201
58476293
58438035
58079328
28945924
28941499
57579437
57524910
14374388
56760289
28311362
56574476
28095941
56011041
3494924
27869653
55640669
13906377
27778065
55171456
55161806
54971811
54810163
54791151
6847532
6827168
54503374
27216194
54214774
54203407
54093471
54076806
3376248
53977291
53945895
53911023
26906911
53778772
26697199
26484208
26453085
26449233
13215153
12961946
51553515
51379600
51247055
12789151
51043573
50979718
25415515
12705187
12702660
25321804
25265223
3155931
50484158
50177486
12527128
24935087
24837400
49248665
49112292
6133216
24414934
24401248
12191304
12188450
48525504
24166115
48290925
47922972
47900660
47838048
47793020
47765403
23877122
47349967
47306744
23601219
2947221
11727649
23393672
46753780
46749989
46500467
46485121
46397954
46309535
46280309
46235762
46231538
46185385
46173714
46048935
46048331
22992111
45976044
22971458
45883745
5732791
11312601
45165530
11289643
45092642
11264258
45044794
44671665
44424284
2767678
2767495
10898276
5411324
43275394
2699938
21476154
21382239
5332659
21264556
5276911
42054841
5250350
41762608
10396635
41552158
41162482
20517957
2549598
40653930
40626359
40517963
40471422
40259114
40125362
39900438
39896497
19703161
19427667
77086524
76949654
19143250
18999968
75971108
18992554
75927803
18970989
18967568
75848776
75764317
18880762
37737916
75173802
75153025
37454680
74737184
4670468
74598464
74393004
37149225
18569347
37137834
18564378
37059063
74091078
4622599
36979799
36856342
36636211
73090537
73064367
72916506
36427141
72784473
72753719
72447328
72281716
18015373
18006308
71917325
71363082
71171075
71170727
70934988
70847915
8794030
8773665
8773289
2172127
69503428
69446194
69416914
34693230
34642045
34603977
34568177
34542523
8616653
68805301
34316145
68400978
68395403
2132883
68179288
68147537
68120336
68101549
34030655
33975718
67875375
33923056
33907263
33871597
33855461
33825442
4227518
67592344
33794010
33733259
33667601
67247353
4198150
33512116
66818921
16632961
66172186
66118342
4127443
16466781
16440472
65681481
32787259
65519821
65510685
65500858
65481955
65411923
32698053
65388525
4084968
32413422
4045235
4043382
32270801
32269701
64220694
64165774
32017738
64000933
15977742
63902876
31884351
63687740
31842537
31824450
7952198
31753610
31744583
31741738
31739804
63429374
63429190
63322551
31611653
63173960
31486809
7855116
62745756
62665616
62586665
61950529
30932773
15442662
15168903
15142142
15093764
7540781
15081068
15067166
15038138
15032151
15008299
59990450
59981152
14975541
59892602
7481249
59840867
59757423
14936752
59458378
59454931
59261276
59114960
59006306
59001879
58953537
58926676
58894582
58889236
58889157
58882713
58876563
7356540
58828308
29400012
14699726
14673181
58554615
58547723
58506816
58494983
14598202
29176786
58342847
29143660
57847542
57673696
57342151
28458710
56760164
56675446
28292062
56514000
28248673
28210600
28199014
56353529
56312362
1753792
27965019
6963275
27753474
55156597
55154493
55150317
27511568
27507418
55004046
54997915
54990675
54816562
54804075
54766616
54720904
54719228
27307423
27272256
27121544
54200126
54197437
27080759
54136750
54068349
54067267
26919089
53763266
6712388
830578
52699252
26344902
52568082
52483769
13110241
52361549
52343749
25945527
51496017
51433394
51406691
50849480
12634704
50385682
12559885
50212624
25011439
24848946
12357476
49169430
12233174
12201094
24168679
12041074
11968727
47873842
2991012
47823361
23886482
47755565
47739028
47734074
47669942
23751694
47478335
23606394
2944095
23487323
46904761
46879122
23437617
23275410
46534480
23227896
46421582
46229726
46213786
46201651
46008476
45950146
45947826
22966948
22923817
22801868
11341214
45174714
11256042
11215483
43315593
5365631
2675502
21328056
21247864
21126811
5248987
10445330
10417151
41133536
20518486
41029461
40814227
40788016
40116930
39878203
39734796
38613078
38500834
4803183
4799887
4785872
19021548
18999608
18988747
18988480
4746200
2372465
18967735
75822692
37897379
75660138
75588939
75576431
75524041
37729386
4715049
75150592
75034096
75000075
74913970
74886207
74756793
74720379
18657295
37167348
37147676
74115349
36991217
4598115
73490473
36724535
18262016
36421215
36410559
72669511
72422781
18081395
72290991
72266025
18001551
17979207
71574951
35651822
8895303
70786375
35242670
70260099
34943002
34904838
69795603
69445814
68987148
8622348
68703865
68637112
34308269
68581975
2141961
68436233
68398312
68357066
34164111
34101637
68186868
68162891
2129180
67992805
33987604
33974672
33955038
33898265
33848144
33830334
33814605
4224728
33776474
33776092
33773623
4211346
4203807
67217730
67211478
67146723
4195106
33520947
4181804
16723111
16707547
66811582
4174549
66716244
66638670
33292872
33202930
16577331
8281040
16466887
4114851
16429599
4106539
65682756
65677668
16413853
16413586
32800096
65568177
32776909
65534589
65511922
65500395
65499444
65429313
65397390
65229120
32569558
32564553
32535396
1977
64770020
32358375
64671567
8054969
16099677
31940517
31881827
31855482
31834181
31772882
31751321
31744352
31724161
63359122
63332236
63127914
62994460
31494569
62944375
62902436
62645031
15648136
62304990
30837939
61647540
7688592
30712837
30693876
60861556
60726405
60616845
60562736
7567029
15132281
15131417
15126116
15063034
7527032
15045516
15040528
15024989
15011853
14995731
14995602
14944938
59761151
59669494
59474548
29726362
59361923
14792224
59133901
29525595
58970343
58940142
58927493
58885852
58879242
58828078
58824552
58654833
14654323
58573188
58550922
14628552
58186708
29009253
28950394
57876431
57444045
56840054
28366920
56624773
28297992
28295399
28247896
27959003
27951919
55872991
55867682
13949246
13928555
55638233
55193539
27564973
55028427
55024838
54991496
54979996
54968025
54962128
54866655
54817502
54758276
54732422
54730788
54728389
1708222
3408416
27185243
27134946
27134619
27126958
27125955
54249080
27123472
54206774
54203736
27090566
54157048
26955844
53905470
53128979
26513764
26485857
26239250
26216805
26212434
26200737
26200474
13066104
51291258
50991012
25462605
25391487
12691230
12687195
50388088
3145610
3140312
3137672
49498091
49494481
3086640
12232509
12219317
24435986
12198887
12166190
24298364
24280675
12123963
24173791
48324255
47957580
47848540
47814892
47813914
47793094
47783508
23884024
47755191
47732115
47710765
47706712
47682976
47411002
47350154
2958124
23566492
23461260
23374499
23315824
46556066
23212663
46272299
46234104
5756015
46035310
46020261
46006714
22992092
22978488
22977996
45839911
22689678
45263669
11314786
11290280
11267715
5545863
21987529
2748144
43244344
2696862
21560049
21557062
5374803
21475769
2673702
21377219
21324029
21286986
21263078
42406037
5241747
10338602
20625662
5140555
20482869
40644003
40573140
40570068
40546610
10122835
40433674
40408624
20113224
39888614
19852170
19669115
39036036
38918505
19445025
4825646
76938125
76930315
9566979
19127535
76344057
9515847
38050750
9501636
37906871
75601888
37746631
74732999
74730869
37096249
73963572
18406547
73536372
73475584
36657627
18286925
73035866
18257279
72869668
72822371
72812814
72784243
72774076
72705293
18073485
18059149
36108113
18018718
17994533
2248979
71921506
35618435
70973917
35242980
70375345
35150725
70191783
34894724
34825976
34792513
4346060
69476811
69327718
17301893
34596917
34557328
34550306
34543388
34528986
68993222
68838914
34401381
34324253
34324239
68629843
68490829
8543879
34159808
34126852
68193595
68178097
68139044
68114203
34031233
34027210
67986440
67971739
33985228
33953937
33881005
33848131
33778329
67529110
33753378
67441118
4207610
4178724
16709204
66825266
33334299
33273778
33265121
66075939
66074024
16517941
16480833
16471783
16470776
16466235
16456011
32879757
65520792
65515238
65515064
65507114
65505275
16361886
65435767
65401756
65326717
65280096
65271252
65261336
65171410
32564887
32550788
32541027
32529452
65047086
16229884
64699163
16162225
32271340
16094501
16046813
63935440
63778986
31871175
31853451
31850173
31794519
63556042
31762608
31733256
63419107
3960363
63334650
31578646
63142718
31563108
15763719
7869169
7866348
62905149
62277308
62148517
61802399
15402877
15382253
15381579
30498458
7613505
30343457
15171374
30328868
30317511
15158625
30315184
15135092
60535079
15120585
15117373
15108182
15080245
7529241
7526087
15024220
15023458
7507501
59991749
14983286
14977634
14976149
14975483
14971873
14960807
14957020
29831604
59464426
29731179
29723444
59285971
59199295
59111284
58977377
58968565
58953187
58905145
14725463
58895076
58851437
58822664
58822416
14694753
58661270
58574426
14636033
58486247
58476948
58450615
58441937
58440565
58293448
58275056
58076149
57884416
57490307
56923138
56693676
28248706
28016135
13989206
55947144
27965029
27873733
6968117
6960394
55173008
13792546
55166326
27548188
6854444
54828796
54810539
54794588
54768633
54768582
54755085
54745109
54725014
54719151
1706411
6823291
27282315
27168995
27131319
27129019
54208450
54178353
54154012
3376065
53982545
53783862
26851662
52985004
52689323
52616381
52564144
52542915
26224909
26209042
13013848
12919960
12912566
12821426
50998460
50872366
25418045
50774995
50763818
50708365
12637867
49593065
6188965
49494503
49008215
12240728
48745537
3021339
48290943
48278174
12057692
48001354
2999933
2997924
47838268
47824981
47813692
47760803
47749384
47718556
47717949
47677768
47332678
47266178
47230419
47202346
23435328
46805986
46747955
23300866
23278875
23252214
46500415
46240754
46193692
46192522
46048469
45955831
45947284
45927744
11418510
45262871
45218924
45042032
44837192
22289324
22132080
2749076
2687143
10715371
21421632
2668692
21347803
2665967
21320389
21313156
21255709
21161292
21136461
21108592
10545732
42143181
42135502
10449271
20836252
5203830
41551664
41285144
41237743
41103442
10188476
10175044
40574132
40406934
2524579
40354791
40346659
40346641
20173062
20154035
40128301
39876322
4901356
19446223
38556786
9634774
9628468
9593846
4789260
18963352
18945066
9442817
75478099
37729672
4703560
75225933
75150897
74810436
4674524
37121567
18543000
74159534
74157866
18420092
36628060
73077109
73070672
72931236
72852643
72790658
72639649
72391476
72301215
72264876
72153971
17913183
71489659
35493149
70965788
70916666
8841961
70632190
35307457
8807424
70420785
4398321
35126943
2193095
8760272
69448331
69225034
34313860
68454221
68435869
2138470
68179775
68115510
68082201
68077105
34028964
34013150
34012318
67985259
33986611
33896146
4232381
33845302
33825700
33806788
4221677
67381682
33672193
4203509
16722696
16709009
33375733
2081893
16633322
66245632
66232334
33076337
66102724
66081033
33016914
16470140
16437525
65544169
65536986
65512200
32754513
65451737
65433379
65429730
65429304
65427191
65416006
65403589
32681382
65238809
4062817
64906334
64906116
64896297
64885572
32401133
1012294
32360036
32332924
32265688
8048827
64295434
16038977
32036639
32015932
15933968
31851957
63686757
31812186
31801240
31775660
31753581
31751336
31587460
31579964
31576158
31459428
7858015
15708585
61919448
966592
61787812
61775778
15431705
60928971
30444225
30414131
60739105
15163043
15124602
30244559
15119542
15113088
15078592
15078494
15052870
15046512
15044263
15031090
14987172
14986485
14981809
14973859
14971807
14960893
14945655
14944103
14941362
14941185
3722117
59499884
59474025
59460395
29723308
59440853
59432354
59269218
29595889
7390076
59103401
59072869
58964822
58931439
58897862
58895157
58865246
58862477
58849032
58837657
58828277
14683934
58555574
58532491
14632637
58529613
14631990
58509704
58508462
58497466
58491722
14608712
14593838
14580017
29013476
28942538
57876287
57553194
57484650
57479246
57390505
57354608
56865759
3545573
28198118
7003327
6990534
6956866
3470746
55307532
13816560
55190966
55169948
55161397
13774584
27507060
27503136
6865142
3428433
54832903
27412290
54766112
54764247
54743045
54733456
54714706
27354753
13649177
54596563
54593713
54417363
27176227
27129018
54242150
54226434
54187728
54187086
54139416
27038220
53946853
3359454
26838879
53532229
52972094
26467453
26406696
13197510
26331761
52653427
13134080
26223558
52341266
51530245
51382556
51274717
51155507
51005955
50800426
50768142
12691915
50710772
25320686
12619670
50451508
12608337
50424271
12485839
24925886
24840331
49582101
49130909
24522183
12241058
12210875
12210489
12204691
12159300
24294880
12147125
12137490
48528462
48395440
24171510
48286516
47897635
47861449
47852210
47843865
47839175
47826824
47758472
47749867
47739350
47726455
47678215
23838360
47669474
47664254
47659546
23689940
23615430
11728687
23447119
46805540
46793038
23391173
11687849
23309715
46562086
23278999
46540627
46537658
23207300
23200781
11592844
46350969
23147981
46215860
46201598
5753393
45983511
45948351
45945919
11470821
45863806
45718575
45636124
45448194
11321179
5633316
44840818
44832442
44551078
44324866
22125863
43659595
10793196
2694169
21486658
21358937
21326673
21247492
42358702
21133921
10544358
10530418
41828198
41747905
20822895
41608893
20802248
41465663
20702032
2585559
41353186
41335399
41242390
41113464
10162632
40645312
40587531
40580074
40572892
40114763
40109644
40058272
19833706
4954286
39249719
4896187
19339111
77320673
38549403
19241458
76930131
19154264
19149715
4783975
19042006
18969150
75867188
37655906
75183569
75067304
74925506
74909803
18683773
37165462
9289849
37147725
74151011
74026287
36968524
73740312
73673649
73667011
36830636
18382295
36589401
73074935
36390090
72774499
72728863
4544937
18117206
2260225
72269989
72214029
72210864
18048301
18035403
18035062
18032143
18031040
18017929
18004842
35972512
71536542
35686226
71355206
71067157
70933753
70758431
35152494
35084175
8761641
34859437
17400098
1086814
69503201
34670509
69209291
34581426
34547285
34284597
34246151
68401117
34145275
34140539
34126846
34126841
2131771
68149082
34056565
68089711
34040796
68081191
68077965
34013626
34009544
34004833
67992355
8495422
33966372
33951749
33934341
33902894
67786045
33825308
33794183
33792982
16884879
33749581
33706486
8420923
33668246
4206853
67258728
67220295
67211722
67209150
4180091
33432273
66820865
16702754
66724741
66721951
16578444
4137114
66118361
33058446
66115106
66109093
2056794
16442873
16440092
16416703
16407206
32795234
32756083
65448768
65429130
65415843
65406995
65340987
65337628
65282375
65205065
32592662
32522340
16227568
16224600
64780912
32375077
32338985
32333015
32264193
4028187
4012034
2005641
16042060
64029095
63993696
15995192
31951616
63768392
31862679
31779803
31766629
31764551
31743607
31718848
63435067
31586329
31580133
31518981
31497950
62991173
15603257
62408925
15602211
15601736
62156032
61986645
61875681
30902481
15389350
15382099
15345579
30553131
60841921
60833648
7603453
30316664
15133080
60522485
15116943
15108822
15099653
15084320
15080267
15048835
15043328
15032769
15013249
15005544
15003699
15000052
14995049
59964689
59943498
59895988
59861152
14959809
14942785
29860628
59639394
59471897
14846851
14836290
59339616
59262979
59262723
29596393
7398905
29586396
59111157
59005794
59003558
58968031
58950085
58929227
58876327
58826382
14684576
14684189
7340106
58590636
58540843
58528971
3656476
14625154
58491049
58469506
58449572
58441254
58439497
29152839
29144567
29135620
58214884
14540766
58020756
28953035
28947200
57890930
28931701
28928853
14460212
14451000
57606553
57482727
57392094
56923013
56659732
56530675
56454217
56052317
55959464
27970954
55872334
1726327
55164650
55041278
27512754
27498159
54995611
6869819
54879670
27429443
54826284
54823625
54807831
54797970
54792584
54774414
54755333
54731056
27350723
6836432
54594688
27229446
27221262
27141130
54253438
54156514
54141595
54137127
54130483
26912637
26903991
53785915
26837607
26822175
26494349
26441064
26247733
26247026
26230631
26226353
26208898
26208257
26208014
51942975
51934242
51563927
12787209
12783096
50992584
25336613
50628387
12634681
25196912
50390600
3140672
6265116
24773801
24731272
24447959
12204004
12169464
48553635
12112076
3017508
48207981
11981012
47920585
47917173
47757456
47440259
11719868
2926887
23410290
23392689
23332471
23280958
46509846
23200547
23149494
46206534
5770824
46027923
45984112
22991866
22976169
22952737
22949090
45868082
11462603
11332297
45217245
45035169
11256802
44892955
11207547
44700033
44423165
22208145
22149907
2768233
5500097
43582306
43553845
21754473
43367330
43285262
2693292
43066510
21470525
2680340
21434358
42666896
21306560
21274198
21182650
21111962
21106632
10549146
5271978
42141134
10507041
5249037
41991113
10389692
41530193
20710438
41412917
20570568
20479061
2552114
40734978
40468542
40119765
40118087
39886857
39876479
19806228
4900739
4876068
38560713
4806849
76757422
4789062
19142162
76336998
75794374
37893686
37732488
18864022
37690856
75373152
75277423
75245552
75224205
75136001
75029085
74594414
4647238
37164939
37140960
37123158
37117452
4636770
74161889
37039216
37038464
18502569
18491234
36976002
36937791
73674725
73673657
72867290
36408741
72797545
72754538
72737064
72288787
18058928
72220560
72216891
72158006
4501670
18001365
17989256
17988878
71942000
71899618
17967974
35762691
35599760
17786619
8845099
70718613
8825129
35244461
17566443
8767577
35068980
8757312
34942116
69785369
69463069
69448917
34625565
17312061
69171451
68851459
8597061
68752695
8579309
8574536
68577825
68574717
2142156
68431804
34167551
68272702
68217598
68194261
68180491
68158199
68143953
34043269
68080506
68049446
33984695
33974289
33965985
33955064
33937997
67875246
33919446
67820693
67809286
33880969
33879805
33868842
33844959
33842487
33830787
33826046
33778274
67336448
67300758
67213078
67207676
33559564
16721097
33419989
16701233
16693117
66749486
33365528
66715049
66700126
16628856
33199810
33161273
16574341
66215878
33077952
66081673
16460070
65788944
16433831
16431576
32828123
65515318
32746173
65436221
65417069
65413424
32688862
65325997
32622449
65175392
65173911
65148952
65121963
32546420
32537451
32481920
32385832
32179593
8003177
63879579
63766511
31852453
63694958
31833977
31794738
31786339
31563307
31484506
62282800
62175212
62006164
62004427
61793825
61653437
61651603
15401219
30510725
60910099
7612932
7610640
60558214
15130821
60467706
60429368
15066961
15065168
15038465
7513707
15018436
15006431
14994775
14976053
29911058
59806786
14944388
59583411
59367301
59284479
29536919
59027550
59002943
58965163
58934522
58929520
58919535
7355424
58835496
58810697
29400603
14655630
58564200
58555640
14629184
58481320
7309234
58451761
58439069
7298046
7295529
14590476
29140062
28959663
28952550
28952347
28942975
57639621
57524815
57448031
57442031
14352636
57282898
56727152
28298594
28293325
56108860
3506453
56011347
55970883
27973039
27968715
13947296
3477654
55634923
27781170
27765017
55257797
55160617
55140812
27568087
27567324
27534509
27534379
55005953
54977482
27473199
857327
54830530
54827925
54813628
54797780
54793327
54738652
54724923
54723311
54710838
13643229
27165870
54230756
27114943
54214841
54190502
54184145
54179079
54130851
54128904
27053241
54099108
54093154
54092126
54064702
54061937
53785400
53778001
53661873
3349294
26513257
26510453
52988484
26464606
6608278
26275702
52516500
52503733
26189799
52355494
52338626
26121661
51851387
12922433
51387970
51302213
51249971
12781963
51080150
51061295
25468208
12701660
50800463
25368844
12628353
50452364
50448448
50437255
50362923
6251498
49965979
12486690
3113861
49169252
12290294
12223726
12210669
48689919
12163463
12153394
48343026
3019778
24097691
48003817
11985373
47848115
47828524
47825844
47756019
47741216
2983223
47704585
47701931
47690850
47684197
47679449
47678933
23743293
47282774
23633234
23476191
11723216
23437890
23428912
23413284
2921381
46605368
23296443
46537369
23265736
23249729
23230240
5787307
46224642
46219337
11541272
23041054
46073093
46028345
46021186
45997860
11498681
22985111
45969672
22967306
22960167
22924179
22794716
22793612
22724424
45248051
11310530
45127793
45050028
5606946
11213103
44424392
22190517
22133126
11063672
21957686
43670852
43566102
43548889
43417275
2711186
21661740
43204952
10799531
674882
43170423
42993267
5368803
21474195
21458030
21456706
2680468
21431184
2675336
21349056
21348499
21333919
2666667
21296633
42259153
5269054
10530646
42051818
5254733
41844836
10445455
10396634
10386394
10383643
20738110
10339487
10323347
41152669
41087866
20481292
40960542
40760656
20253456
20235449
40061990
39871631
39699041
39680190
2476562
19469253
19393014
76933071
1199426
76518754
18999748
18984742
18980172
18973578
75879893
18958354
18945054
75657856
18826912
75268321
75152370
37570566
74914469
74888924
37253827
74452028
37146293
18562260
37121814
74161776
74157920
18537434
18510806
36983415
73856052
73775113
73644209
73454160
18356925
18356901
36630854
73062932
72930408
72821952
72767911
72763621
72756328
72739711
18183418
72721012
72709719
72699848
36324492
18154661
36296787
72403463
18068871
72141163
36020420
4500530
17989079
71926530
17950366
71495649
35733324
71458364
17841090
70767420
70758231
70756216
35352227
35269832
35218168
35124796
34998171
8746351
69954235
34957692
69876666
17400152
34746785
69416878
69408488
69286211
34615585
8603274
8593901
8593564
8586990
34334874
68630286
68446338
34147235
34142532
34133921
34126732
68207776
68200467
34057004
68081400
68079637
34016786
33986794
33981683
33933276
67831830
33904507
67806857
67773213
33881867
33856143
33832630
4227978
4227318
33804763
33795703
33795146
33793064
33732032
4211830
33676945
33666614
33665904
67071648
66773624
16653326
33241897
33164411
66098839
66098384
16476128
16471423
16466334
16430931
4106860
16422480
65679510
16399935
65568784
32774299
32754441
16371519
16371413
16368871
65416826
65414684
65362971
65171333
65123040
32560155
32557183
32550853
32547750
32546427
32521756
64999200
32427946
32374962
16178634
32351838
16122821
8059806
64312106
64291763
2009085
64265558
16051566
16047037
64126665
31961520
31935974
63844207
31867339
31863119
63490405
31743221
31742274
31734648
31720066
63414912
63320491
31603560
31480574
62643755
15644704
15639285
15615049
15543252
62154009
30803673
7673510
7614952
7591839
30364108
7579909
15145447
30290526
60536828
60489549
15102104
7547236
15064082
15052910
15042088
15022833
60031996
15006336
14995797
14977853
59757273
29825726
59461993
59346136
59345054
59342378
29585290
59008707
59005439
59004735
58962386
58953976
58924787
58922095
58906781
3673472
14670837
14668207
58555888
58544663
58532383
58509292
58494026
14618772
14617616
58469411
58459810
58454322
14613057
7299045
58206285
58080676
28957493
28945764
57888656
28942789
57882904
57802448
57719379
57662380
57545359
56832317
28290963
28270110
56221494
27964340
6978395
27840728
13860260
55439081
864670
55151458
27511680
55010603
27486787
3433872
54835504
54818855
54807069
54788628
54788572
54775800
54769086
54767910
54750739
54708223
54677779
54676094
54554154
54341105
54302874
54249225
27117169
54215482
54213953
54187364
54162458
54142744
54134036
54098982
3380901
26953466
53889462
3352737
13377015
26493974
26443587
52478953
52345605
51987738
51501449
51268147
51158504
51156516
51020220
50960135
25456020
25393862
50773290
50771234
50769168
25324276
50615612
50373732
3136483
25045904
49804044
49535889
49496770
49477157
24728489
6164060
769984
12225371
12210967
12201276
24297736
48548420
48548393
48546223
12128905
48397815
48278293
47926653
23938616
47868297
47846071
47829815
47827478
47816961
47813420
47787030
47755963
47748544
47741958
47704778
47666459
23667853
47302392
11729134
23450821
23438431
46860125
2924843
46744158
11679737
46605934
46553774
46530655
23256952
46491733
23228951
46402538
46264569
46261610
46249930
46227202
23100821
46073984
46070667
45951206
45944355
22962215
45850305
22924356
45632814
11335982
11309220
45182542
11261490
44840848
2788830
22259131
2767348
2764666
22072356
5509124
5494326
43767426
43664579
43663126
43552643
43552360
10882145
43407003
2693747
43094089
2689993
5363096
21449230
21440693
21419696
21337470
21296492
21256964
42433862
42424177
10588987
2646005
42188901
5263011
42088912
41835980
41659251
41631448
10390144
20680645
20678628
41217699
41169460
20583613
2551306
40807689
40703510
40646716
20255930
40478630
40475599
40433866
40129180
40107661
40064113
40050960
40044820
39900087
4922011
19518166
19505511
38930122
4861984
19400329
1210778
19341702
38500058
19203697
38387842
4795849
38166112
19077649
19069353
37994448
18982516
75660181
75650588
1181275
75455827
37727443
37721586
75213934
9390462
18777315
75036362
74896902
74735653
74734582
74534340
74472223
37153287
37149057
74137916
37056154
74100799
18524631
36982123
36978393
36971070
36944236
18464394
73822919
73555052
73425930
36668822
73304280
36627126
72870051
72861229
72861063
72839372
72832852
72813878
36399611
72771465
72716446
72714965
72714760
72509304
36241734
18076910
72219905
72219359
72211191
18047072
18016773
18013187
71818951
561039
17871726
71424738
17832277
71163230
35574040
35573402
35539831
70988865
2217332
70637343
70568170
35159186
35131520
35124012
70178326
35008955
35008423
34960593
2172787
69448887
8651507
34549003
34529605
34529066
68877395
68857888
34387797
8586105
34296871
68580739
34272065
34225351
68429444
68191606
68172294
68159506
68147054
68144135
68114558
34041853
2126883
33999993
33997207
33946924
67881772
33932685
33919660
16949894
33883651
33870303
33868804
33856321
4224878
67515412
33742571
33673427
67346578
4208237
4205438
67230821
33570813
4190852
33513380
33496379
4184080
2080257
33199867
66347674
16568971
66208670
66172916
66091550
66082455
66041029
16499435
32967624
65554109
32774059
16386132
32758715
65515561
65507124
65448656
65417308
65242947
32550971
32541031
64928827
16228852
32324344
32318780
4034906
32223367
8051252
8048018
64235408
63989004
15993555
31972479
63940372
1997298
31933076
31885567
63758718
63706761
31824488
31821801
31804312
31788341
63533518
31742707
31740013
15866606
15846316
31636169
15762736
31516696
31493821
31475446
62943001
62907645
62904732
7857825
15713095
62679748
62674247
62654525
62577801
62279587
1938992
30908878
61801972
15441672
30854497
30796027
15385335
61415584
30681312
15339608
30633728
30591664
30522957
30474734
60785542
60684656
60637578
15149531
7574158
15147566
60567181
7567288
60476836
15117656
15117239
7536482
15067169
15066549
15045275
15032957
60124577
14997254
14994616
59975942
14985365
14983743
59901965
14968320
59865594
59855181
59853341
14944821
59752153
59482943
59478361
59471102
59448685
29715154
59345713
59336548
59287577
59286053
59261595
14785810
59117624
59112221
59023398
59018034
59003542
58985885
58950891
58947271
58896909
58890520
58887735
58862276
58851959
7356451
58847560
14677220
14659867
58548101
58520241
58508435
58493947
58466570
58450661
58439215
58418282
3645432
3638551
58193471
14532694
58033525
28991904
28949793
57885299
57648263
57566361
56864284
56856236
56791946
56791889
28272257
55984598
55941298
3495528
6976157
6965187
6962636
6962475
6959380
27810059
27772455
55285631
55255140
27611047
27551594
55052109
55010565
27504838
27500619
54994175
54988565
27417416
54816926
54810481
54793617
54783368
54743808
13677690
54709424
54707432
54707258
54592148
27276487
27204374
3396411
54284917
54221277
27072363
27063429
54087231
54064336
54061960
54060085
26982841
3368328
53655610
6683333
53381843
53221623
3319534
53067291
53024105
26304909
26288227
13129951
52220164
3230723
3222748
3222703
51362380
51281231
51246875
797915
51004444
51000346
50851980
50760863
12683370
50624764
12617862
50384074
12584587
3141869
25012353
24733627
49337369
12209792
24400788
12160131
24292078
48527300
12129445
12125749
48472146
3024104
24172226
12028196
48049774
11973429
47839839
47820659
47816715
47779104
47762928
47743510
47741684
47733933
47725340
47717341
47703029
23839887
47677750
2976180
23609765
23505230
46865417
23390316
46763425
46737293
46420447
46398297
46389227
5790471
46283045
46282364
5764483
46076297
45989025
45972548
45963483
45946540
22967825
45883116
716880
45865601
5731120
45847616
45807217
22800719
2849154
22792829
11342470
11325072
11289800
5633288
45042870
45039430
45031476
11215691
22257511
11036954
2754323
43661246
43392544
21582200
43118440
2692112
42987812
42958086
5365607
21453847
21420363
21383435
2667997
21333331
21292737
21289850
10617200
10607676
10593267
5256572
10511973
5253187
41990291
20801712
41323371
41306960
20618518
2556888
20429478
40813998
40345985
40134439
40072037
40065517
40060580
39956087
19892082
19854001
2476091
2452321
77209558
1203963
38502816
38501245
76783907
76735034
76558616
76429327
19094877
18997386
75946114
75938227
18952591
37893055
75739402
18917709
75589998
18874945
18864901
18744178
74965700
74881221
74740877
74520122
74393385
37125091
18550037
74178280
74161905
74159484
74142968
74129861
36978093
73948425
1154545
73804993
36855984
73671661
73667753
73663815
18415430
36806095
73554544
73304274
36603417
18286073
72854722
36418042
72823812
72807537
72791123
72777580
72759523
72743351
36251626
72485693
72464904
72271161
72218574
18036093
4497382
17989466
71346710
17827284
70945563
35471029
70764406
70712577
8812203
8760323
8760265
4355590
69628704
69573594
69447853
17305564
34595867
34513639
34478738
34455975
68911894
68799995
68739327
68628064
68529527
68464531
68454735
68447926
68445388
68357040
34144758
34126318
68248454
68213619
68210625
68194580
68194110
68176458
68148195
68146863
68127306
68087729
33998465
33982258
33980811
33956710
67882987
33940272
33936530
33934656
67836880
67829228
4238800
67790529
67772289
67770320
33841848
33815558
33813112
67605896
67490505
33709545
33706981
33704095
67382793
33664437
67281886
67253566
67219068
16799897
67181095
33497373
16719410
33347506
33316447
16649098
33201216
33160154
66153065
66085768
16464087
16447979
32890553
65688543
65682055
4101884
32800083
32795741
8198289
32777284
65533979
65519523
32757534
16371501
65420200
65417103
65416133
65409507
65273420
65136119
32554324
32496294
32436653
32362456
8067066
31949628
31945726
63865736
31904296
31885559
31885554
31863256
31826178
31815581
31814436
31809779
31797442
31767177
31740611
31725470
31688450
63341347
63153976
15762654
63011777
7870288
15700494
15660322
15652197
15645867
15642118
15639849
62283672
62280368
62108338
62050953
30871622
15401900
61579662
15380808
61432822
60862282
60812066
15162788
15158739
30301981
7574920
15139686
7569152
60493728
15121858
15116807
15098605
15082645
15080732
15079127
15067777
15066495
7532528
7527495
15054127
15040441
15040149
15036619
7517426
60118709
60116875
15027947
15026993
15025595
15014087
15004126
59997432
14971262
14964068
14960136
14958717
14946139
14941348
59754608
14938545
14937792
59731044
59485011
29738293
59461346
59444591
7428090
14845385
59349775
7418507
59296292
59267910
59261450
59107837
59104976
59033866
59029339
59003048
58991709
58916019
58907078
58891138
58880010
58874077
58861246
58852577
7355293
29370960
58575598
58555681
58530218
58521879
58505412
14624916
58499663
14624627
58481870
58477135
58442725
58441228
14605375
14603353
58202226
58182470
57952174
28944809
57864199
57825162
14453662
57718300
57668243
57543825
57540534
57468052
28632881
56928959
56885476
56868683
28363721
56620721
56449872
28101182
28096437
56036399
13984351
27968242
27965389
27954582
27791025
13891391
27771746
55220916
13800993
55195389
55162004
55132206
13779647
55030568
27512499
27511371
54975278
54973160
6846953
54758435
54756432
54753457
54746518
54730415
54705955
6834194
54671038
54593258
6800729
27185345
27142115
27134599
54213918
54205521
54197475
54171933
54153902
54153159
54149262
54148611
54095042
54049614
53984549
53977909
53786127
53664268
53244917
26465198
26397607
26388924
26374802
13121798
26158662
52216771
25945695
25936605
51231758
25467664
50777292
50775519
50761592
50707816
25221525
50379501
3147655
24846818
49600600
12390613
24735504
24733140
49439967
49020918
48970666
24419321
24412494
24406424
12201554
48714825
48404828
24168033
24163729
48248232
12060893
48208670
12047924
48189338
48173952
12011159
11985554
47916434
47873002
47861932
47825063
47797151
47796591
23889944
47777950
47764207
47741233
23858137
47703465
47671708
46919687
23450266
46893678
23382627
23276588
23274162
23269727
46496205
23226008
23151289
5784813
46246897
46227387
46071910
5757210
46034990
45991563
45981210
45965918
45947602
22969904
22966295
22952129
22845234
22713838
45258947
45204026
5648340
45166638
11286756
11285803
11276778
45040105
45037320
45032428
45029392
5608143
44703718
44576754
22051642
2752529
22001136
10988418
21967945
43547321
21717290
21584837
2693705
2693639
21468519
42910730
2681623
21318402
42405791
21165524
21150750
10563016
10521114
41988474
10466983
10464660
10418886
41637754
41307303
41242150
41182370
41022752
40800430
40579869
20263553
2527197
2524703
40342074
40259257
40131940
40130949
40130803
40119654
40115815
40078976
39894946
39889404
39824264
39757664
19714176
39020859
19489774
38919836
4861952
4844197
19302083
9640786
9627414
4808186
76721130
19158333
19119646
4778647
19093700
19018779
18980385
75883138
18969155
18962102
37908837
18945337
18880571
75502410
37743262
75368170
1176446
75082235
74933663
18719670
37437006
74823622
74741743
9326036
74518964
9299226
37179653
37150343
37142908
37115454
18498868
18489089
36968368
18461740
36895330
73765027
73665608
73632780
36766389
1148371
73482049
36681005
73078939
18266796
73046744
36485501
72947333
72866339
72834749
72799094
72794937
72755553
72753760
72708705
36311176
72189134
18001042
71925059
559306
35685383
35673573
71107345
71058033
70940138
70932809
70932509
70851771
70837852
1103937
35255773
35254293
35138530
35109333
8752896
34884043
34795668
69578201
69142570
69026390
34460765
8607461
68773468
34323470
34306764
34279806
34272588
68461867
68439165
68436126
68419771
68403871
34138809
68255318
34116504
68219803
68155917
68095227
68090099
68087072
68080091
34028907
67993259
4246856
33969410
33961386
33940518
33940360
33937838
67823546
33901234
67772991
33883863
33845821
33841147
33837343
16913805
33825061
67633237
33808095
33804525
33803683
33791008
33783702
33778374
67519017
33747819
33743847
33716642
8427781
67323915
4203535
67215899
16797970
33535010
33532454
16717217
33430234
66739133
33360073
66657393
66640812
4163328
33157002
66087127
32944848
65597339
16398673
16396534
65538000
65507213
65425731
65406786
65397456
65388337
65362985
65290669
65243174
65176549
65153927
65040233
32516116
32481023
4058804
64915571
32414605
32394153
4017895
8031449
4014154
64111614
64078549
31999901
15995374
31929169
31919461
63761299
63689469
31841419
31820461
63550051
31718435
63420049
63400183
63291170
31645546
3954172
31586787
31582122
31495925
7858677
15657180
31215241
31213822
30869535
30836267
15350642
30636302
30512933
7628127
60921446
60807139
60709226
15168216
15161373
15155026
60618042
60514292
15106032
15105903
15102583
15093874
15081904
15067619
15055291
7520607
15024739
7510442
14997057
14972039
59840476
59792585
14945399
14941261
14937046
59747130
29866655
14879821
59485174
59474758
59276694
59267625
59182703
59055227
59029836
59027066
59024583
58987706
58977538
58967612
58948773
58948590
58939832
58938249
58927465
58835695
58835047
58828479
58802730
29382885
29382559
3665193
14651900
58601368
58557342
58532708
58532173
29256398
58505587
58483006
58475066
58468909
58459389
58443164
14602161
58402405
14600215
29161786
28957176
28955801
57877252
57876673
28937471
14459541
14456652
14454925
57655244
57504883
57447077
57442266
57439744
14358089
7123963
56504061
28216688
56087012
56058010
56010721
6993857
55604298
13886927
55143530
27532915
55035479
55000703
55000391
13740663
13712094
54801067
54770853
54759796
54755941
54755321
54748990
54722618
27359796
54715761
54714370
54686106
27338940
54441437
54309908
54241907
54231669
27109943
27104235
54190797
54169175
27082633
54132688
54129106
54086403
26992107
26876677
26870552
26862404
53663443
53655922
53568497
13383498
26514239
26510891
53012074
26453810
826380
26412772
26201250
52350316
52315541
13048680
810808
25871667
51554021
51400796
51395818
51288311
12790244
12768676
51062001
51020498
50992705
50982136
50981822
12692221
50661392
50592464
50452311
12584250
50320964
24919913
49494903
24731280
771411
6165341
49192667
49165921
49130917
48945642
48940598
12212582
24402854
24392068
12171314
48682899
48448288
24213752
12106836
24203167
48394607
24180134
6043069
3010458
47868990
47862705
47826484
23898346
47789081
47765563
47765428
47764735
47759225
47758215
47742582
47732552
47724320
47721437
47720025
47705850
47667955
47422963
11795738
11794482
46910987
23453143
46887162
23437386
23435690
46807694
23335431
46650871
46563072
46522647
46516727
46360428
5787988
23139702
46257688
46226939
46022286
46021715
46000101
45998340
45991223
22994812
45964955
22977926
22976310
22972064
22944027
22713011
45327949
11323132
45262610
45161124
45067749
44860811
44702060
44599888
22288977
22258108
44323940
22094483
10999288
43553800
43318648
43142002
2692050
42992160
5373840
2685574
2685455
5365233
21457963
21433729
5346128
2668823
21336499
21315719
21308691
21290659
42440853
42431264
42410914
42350612
21170003
21158115
21130449
10531668
42094986
10493147
20621430
1287854
41196741
643508
41172246
20583258
41157601
5139671
41017550
20480632
2551220
20348364
40563334
40559307
40451327
40443799
40389670
40121805
39927801
39900357
39898801
39892646
39882557
1246164
19897183
39750721
39145877
19530692
19489669
4862628
4851315
38482182
76930337
4784242
38240095
76364355
76209545
38022781
75872104
18966319
75846010
75845513
37905826
75801628
75640264
75503376
9435152
18864634
37715548
75382375
75227028
75182089
75173906
75039616
74736737
74703284
9322868
37278455
37270540
37249744
74485896
74428835
37135229
37125631
74157795
74149401
74144117
74124137
18517502
18501754
36966846
36942464
73796166
73675196
36709274
72949679
72930606
72870944
72759033
72719168
72716807
72656668
72643191
36257015
72509772
36231437
72404449
72344524
18049820
18001294
17988881
71930751
71924393
17980144
71915542
71796985
17942443
17922773
71517178
35714442
71428412
35566741
35562337
70942018
70934986
8846857
70767610
70744826
1103968
35216739
17538093
8755176
8752410
8747100
69958574
34924303
34905298
34884543
34720091
69416754
69410055
34625661
8655257
17306107
34603332
34572880
69141973
34536518
69055294
8623772
68871540
68854612
68731099
68659198
8575326
34293720
68551098
8550955
34167395
34132095
34132079
34127082
34111117
68215780
68184772
68168871
8518060
68133719
68121018
68112734
4256424
68050980
34023660
67914447
33903666
33855792
33827062
33807257
67600995
4224611
33794922
33783166
33778048
4219685
33753751
67480911
4217310
4214918
2107031
8420633
33672089
33670805
33657559
67258981
67254671
33625585
8404818
67217109
33571947
33516667
4185836
16693958
33377925
16688200
66732357
66673036
33252777
33229075
33194330
66381456
33117602
16538452
66125136
66122219
66115069
66098912
4127497
65791147
32823048
32821218
32801324
32786961
16388449
65539927
65517553
65510570
32744305
32741594
32737496
65428259
65411872
65397794
65392661
65388483
65385438
65242909
65238508
65148847
32562623
65040773
32456755
32413090
32377913
32375062
32323280
32259064
32181830
64328358
16037190
64015953
63973396
31955161
31881438
31862254
31850374
63692920
63690799
31835573
31811335
63570173
31780623
31773682
63516861
31753124
31744152
31720299
63356171
31637548
31550586
31499266
31497243
31493050
31476097
62934104
62910346
7855926
15666282
15661993
62603453
976126
15609474
3899500
62347405
62068650
62035229
61879400
30922319
61755865
61539783
30725150
30662582
7658520
30486076
60921378
30441921
60867455
30431129
60771052
60770239
30341888
15152448
60567477
30241502
60453318
60434362
15102514
7548696
15096075
15054189
15043761
15033028
15013482
15010696
14993905
14976058
59771467
14941577
14941038
59670217
928387
59363422
14839219
59345447
7411838
59069117
59039462
59010006
7375482
58999709
58964413
58964402
58950349
58923028
58896355
58886285
58851577
58849197
7355657
14710829
7355268
58826296
29374182
58718314
14676138
14668787
58562924
58537990
58530391
58529630
58523323
7314678
14627442
58509744
58509553
58500585
29244732
14618617
14617864
58459861
7295510
28957174
57863477
57863001
57846778
57827346
14448428
57725364
57535756
57532878
57445503
57349049
57331880
56931304
28464661
56920504
56919408
56886654
3554059
56711536
56642058
56639280
28297735
28250089
56091755
27971081
27954358
27951817
13972870
6972156
6956555
27804169
13891296
27737000
13854372
27667172
13815446
55188779
55140532
55131009
13779672
27544991
55061227
6879559
27514120
27510517
55006275
54982016
54884986
54838155
54826211
54824075
54804175
54767652
54765834
54758292
54754592
54721677
54700045
54504364
27229902
27129052
54249305
54235554
54235085
54200226
54137366
54056614
54029291
26989455
53906188
53831556
53782085
53772885
26852300
3356345
26838476
3349328
3349106
53271400
3329042
831192
53069943
52980631
13198475
52681361
26226997
26226883
52374319
26182014
52239615
12990352
25959932
25928510
3217488
51023687
50803826
50767517
25336367
50625269
25279115
12633852
50386043
50378985
50232160
12535839
3131633
25006482
25003241
12486984
49499525
6169061
12234969
12232533
12212195
24369926
12184299
12160875
48554341
48524088
24179320
48351277
24150934
48291054
12053770
48153114
12033519
12032329
12021558
47875914
23922807
47840893
2989828
47815659
47810337
47797118
47788521
47768468
47757634
47750079
47727225
11929957
47716880
47668650
47666750
47663089
23798060
23775092
23766816
47322807
23656719
47306774
2950804
47203769
46907152
46879161
23410126
23385401
23384731
46757862
23370491
23282319
23269196
46500297
46497650
23235649
46433130
46413657
46411712
46383917
46377200
46351360
46281978
46281317
46225084
23100652
46014775
46010254
45948304
45946128
45944984
22960740
22955968
22925590
2828995
11279835
11279544
5633976
45061385
45047785
44951164
44672085
22291419
2785963
22205018
21961363
21929489
2735113
43672780
10910432
43611580
10898350
43498964
5428038
2713810
43377688
43318934
43236744
21556989
5380677
5376011
2687999
21473934
21449269
2677505
5347659
2666677
10665138
10665133
21320747
2654044
42260307
42137699
42136022
5258813
10511598
41985880
41730131
41631494
41592561
10397519
10395616
10385106
10336698
41299287
20621674
20588739
41113107
10276614
2556869
2553697
40778437
20333111
20279574
40452791
40361697
40335810
40119826
40119079
39958029
39891095
19899871
2485035
38940926
19431668
9709278
77262123
77252596
38613296
77166869
38554761
38483117
76914661
76876550
4794307
19151119
4785925
19128929
4780902
19042834
18995138
18989674
18973942
4735823
37737441
37721439
37709067
75298509
75258942
75242123
75054536
37522415
75020467
37483239
18699504
18639021
74483185
74453408
74427657
37107076
37092357
74161808
74142998
74110878
74085133
36979033
36978100
18488016
36975555
18482448
73929217
36960375
36941046
18464360
36899051
36871489
73683274
73666875
73442923
73306633
73281344
36634585
18271010
73075021
73060585
18263027
72948512
72906104
36445590
72873696
72862703
72855964
72846634
72814953
72805364
72801999
72715922
72693150
18163587
72531286
72336896
72215795
72189607
18042037
18038949
36038377
18012767
36023842
17992563
35757576
71461270
17841382
17832934
71128242
8890117
70919462
70789724
70752857
35250470
1101221
70373632
35148220
70180945
35064875
8753575
8746082
34839687
34730233
34628004
34618573
34595677
69144526
34543285
34510398
34506749
68948312
34465098
8612207
8611803
34429550
34425789
68803839
68800141
8586695
8584598
4291748
4286297
68573201
68556604
34233976
68432951
34188984
2136661
34146955
34145063
34129603
34126892
68221425
68220992
68220974
68172340
68163160
68149789
68143472
68092604
34034886
34014617
33982874
33980717
4247535
4246720
33945470
33932422
67836367
4239192
33902707
33881244
33817538
33809829
33807835
67597367
33779479
4218430
33741373
33670855
67299681
67256257
67255638
4193295
33494423
16723629
4177346
66772091
66762739
66732342
4168102
66670451
66637532
66552914
16615127
66414919
66313529
66221658
66081090
66052744
8249060
16484012
16463915
16437463
16425432
65678769
32797861
32792462
65548541
65526908
65519501
65508331
32753190
65503193
65500791
65480343
32739124
32738184
65447036
65438721
65430158
65427306
65409820
65401615
32696664
65351071
65345148
65282555
65280806
65267825
16295549
65157731
32562967
32561499
32551774
16225792
32405650
8046377
16037187
64126262
63835921
31881901
31872251
31863577
63686924
31820490
31820072
7952184
31795205
31771866
31760917
31742922
31740971
7931021
3958852
63340403
63237646
31483460
62941750
1959064
62610811
62284152
62220696
61796511
61793400
30873399
7690015
30727481
61442772
1911351
30516685
60915496
60848066
30376265
15166969
15160820
1894593
15138152
30269310
15133854
15127116
60493896
15117080
15097772
15080345
15067774
15054791
15046311
15045689
15042967
15037810
15019146
15018591
60006472
59989211
14996682
14972754
14965160
14955687
14946653
14942391
59763701
14940351
14937147
14868786
29726000
59449473
59437148
59339789
59288677
59271295
59260269
59260203
59247880
29609325
29607319
59110678
59074265
59038094
59030926
59021850
58987086
58951739
58929722
58920411
58920338
58916589
58910121
58908322
58902174
58885505
58879607
58873755
58861165
58861099
58838289
58837040
7354165
58819962
3675240
29401295
58801508
29381042
29349293
58571142
58549170
58531416
58486869
58477138
58474796
58468330
58457540
58450566
58439366
58417340
29206829
29155143
29135197
3634583
58087908
28930716
28929317
57668664
57545801
57513234
57349045
57344688
3581799
57260375
7117737
28457556
56617973
56444125
55957875
27870640
27813412
27784080
13819088
27567612
55134115
13777411
13771366
27532749
55042205
55032206
27512740
27504255
55003284
54986869
54971837
54834342
54820426
54817322
54812173
13700460
6849515
54776841
54775893
54768034
54754163
54736814
54716805
13671744
54661244
54627242
27283029
13638764
54486318
54468641
54425070
27207806
54222654
27109347
54162733
54160466
54157770
54134654
27066513
54128686
54115013
54099534
54097510
54089831
54077270
54068339
54052498
3377474
3350686
53532133
3322170
53147568
3319976
53080681
52910771
13171295
52612339
13124148
52316907
13008964
12923693
12919472
51586929
51557151
51498896
51421163
51404027
51337569
3205173
12791430
50992920
50976108
50975325
50803369
50773108
50760815
50759900
12683433
50721267
50697951
50622522
